""
0.0
0.0
0.0
0.0
0.037796
0.174198
0.367188
0.559755
0.608507
0.655382
0.713987
0.44733
0.829298
0.464832
0.229824
0.317427
0.124765
0.036083
0.001267
0.0
0.0
0.0
0.0
0.0
0.001056
0.000845
0.0
0.0
0.026675
0.150666
0.359398
0.575826
0.543332
0.648836
0.883516
0.942145
0.858483
0.742938
0.451037
0.060224
0.056729
0.035989
0.001173
0.0
0.0
0.0
0.0
0.0
0.0
0.0
0.0
0.017783
0.035567
0.181869
0.357967
0.550887
0.668168
0.769003
0.834577
0.771162
0.692849
0.692896
0.557221
0.432737
0.216779
0.042558
0.0
0.0
0.0
0.001478
0.0
0.0
0.0
0.0
0.0
0.011273
0.022546
0.175441
0.362026
0.541174
0.661318
0.756733
0.796711
0.575709
0.164227
0.115006
0.043778
0.071204
0.18445
0.071462
0.001314
0.0
0.0
0.0
0.0
0.0
0.0
0.0
0.0
0.009842
0.019684
0.063274
0.005795
0.007883
0.029537
0.088612
0.024822
0.046828
0.170139
0.136214
0.151558
0.066418
0.054899
0.046852
0.0019
0.0
0.001267
0.000892
0.0
0.0
0.0
0.0
0.0
0.0
0.010628
0.088706
0.227477
0.427904
0.414133
0.470768
0.39093
0.357498
0.207207
0.245918
0.507109
0.338917
0.106419
0.016822
0.001009
0.0
0.0
0.0
0.0
0.0
0.0
0.0
0.0
0.007003
0.014006
0.124906
0.209108
0.2965
0.402238
0.52813
0.374108
0.609352
0.322354
0.24383
0.29908
0.156391
0.073972
0.011308
0.001032
0.0
0.0
0.0
0.0
0.0
0.0
0.0
0.0
0.013854
0.027707
0.139945
0.217108
0.135933
0.271162
0.433535
0.548517
0.349944
0.372818
0.125845
0.045678
0.114349
0.080377
0.026229
0.001713
0.0
0.0
0.0
0.0
0.0
0.0
0.000716
0.001431
0.0
0.013162
0.094712
0.209295
0.462744
0.226258
0.019097
0.010323
0.085046
0.30213
0.666151
0.594477
0.377018
0.251713
0.028716
0.0
0.0
0.0
0.0
0.0
0.0
0.0
0.0
0.0
0.00129
0.001689
0.008704
0.023133
0.099498
0.194327
0.181259
0.303796
0.156133
0.083028
0.193764
0.230715
0.176356
0.111721
0.020106
0.001783
0.000892
0.0
0.0
0.0
0.0
0.0
0.0
0.0
0.003941
0.007883
0.046359
0.165001
0.469125
0.709647
0.692568
0.357615
0.539579
0.774118
0.413359
0.575075
0.422931
0.189095
0.064682
0.00115
0.0
0.0
0.0
0.0
0.0
0.0
0.0
0.0
0.016012
0.032024
0.184802
0.33948
0.516188
0.649024
0.754153
0.863457
0.943623
0.881898
0.736463
0.604002
0.433207
0.232123
0.067169
0.0
0.0
0.0
0.0
0.0
0.0
0.0
0.0
0.0
0.01471
0.02942
0.171758
0.326225
0.508235
0.636707
0.749883
0.85548
0.856513
0.813087
0.662866
0.490334
0.367446
0.244463
0.058089
0.0
0.0
0.0
0.0
0.0
0.0
0.0
0.0
0.0
0.00861
0.01722
0.169505
0.27027
0.429617
0.582841
0.676286
0.667394
0.523719
0.346307
0.364396
0.324395
0.202538
0.103838
0.029913
0.001243
0.0
0.0
0.0
0.0
0.0
0.0
0.0
0.0
0.013173
0.026347
0.166878
0.329368
0.511942
0.630419
0.745425
0.847386
0.849733
0.74451
0.589386
0.429758
0.21075
0.073433
0.021748
0.001572
0.0
0.0
0.0
0.0
0.0
0.0
0.0
0.0
0.001502
0.003003
0.014804
0.012434
0.008305
0.013138
0.025408
0.008845
0.020176
0.007554
0.03308
0.112777
0.199301
0.221073
0.049057
0.0
0.0
0.0
0.0
0.0
0.0
0.0
0.0
0.0
0.011379
0.022757
0.150666
0.324207
0.491812
0.543098
0.540752
0.614231
0.617492
0.453547
0.638138
0.481372
0.353486
0.117375
0.012387
0.001267
0.0
0.0
0.0
0.0
0.0
0.0
0.0
0.0
0.007625
0.01525
0.130044
0.329181
0.532447
0.692263
0.659464
0.855551
0.930743
0.815644
0.771514
0.562828
0.423142
0.227243
0.065268
0.0
0.0
0.0
0.0
0.0
0.0
0.0
0.0
0.0
0.011883
0.023766
0.169998
0.339175
0.538851
0.673283
0.796617
0.909347
0.861533
0.763912
0.730434
0.601258
0.428092
0.233178
0.065057
0.000915
0.0
0.0
0.0
0.0
0.0
0.0
0.0
0.0
0.006581
0.013162
0.141986
0.307737
0.537561
0.675089
0.793966
0.924198
0.830471
0.352079
0.746176
0.615404
0.394285
0.222903
0.059614
0.0
0.0
0.0
0.0
0.0
0.0
0.0
0.0
0.0
0.010604
0.021209
0.156391
0.324442
0.522124
0.663218
0.784699
0.830518
0.897499
0.746809
0.763936
0.600718
0.424596
0.226281
0.059638
0.0
0.0
0.0
0.0
0.0
0.0
0.0
0.0
0.0
0.009513
0.019027
0.153787
0.320008
0.516728
0.654326
0.782188
0.864771
0.834483
0.685177
0.62812
0.599991
0.426661
0.226891
0.061608
0.0
0.0
0.0
0.0
0.0
0.0
0.0
0.0
0.0
0.009783
0.019566
0.132273
0.315644
0.530593
0.603228
0.620214
0.734117
0.737143
0.731137
0.333498
0.351891
0.252557
0.138865
0.027238
0.0
0.0
0.0
0.0
0.0
0.0
0.0
0.0
0.0
0.008716
0.017431
0.155992
0.297368
0.535543
0.580635
0.719477
0.745636
0.800652
0.755865
0.502698
0.271631
0.123381
0.018722
0.002909
0.0
0.0
0.0
0.0
0.0
0.0
0.0
0.0
0.0
0.002874
0.005748
0.065315
0.130021
0.268112
0.380255
0.66059
0.793027
0.702679
0.538007
0.52088
0.477642
0.16974
0.147382
0.057902
0.0
0.0
0.0
0.0
0.0
0.0
0.0
0.0
0.0
0.003695
0.00739
0.072893
0.092248
0.171992
0.430861
0.673025
0.559028
0.75793
0.385346
0.600953
0.547508
0.435295
0.224756
0.058066
0.0
0.0
0.0
0.0
0.0
0.0
0.0
0.0
0.0
0.007062
0.014123
0.149634
0.328148
0.520622
0.621176
0.840372
0.84429
1.0
0.761777
0.720603
0.538969
0.230645
0.22912
0.0545
0.0
0.0
0.0
0.0
0.0
0.0
0.0
0.0
0.0
0.008094
0.016188
0.153458
0.328805
0.529256
0.679641
0.802576
0.881569
0.869721
0.848489
0.563063
0.571908
0.320758
0.213706
0.054711
0.0
0.0
0.0
0.0
0.0
0.0
0.0
0.0
0.0
0.002241
0.004481
0.078289
0.240123
0.44923
0.547086
0.626126
0.662162
0.737284
0.712697
0.276018
0.108225
0.154232
0.155382
0.044388
0.001971
0.0
0.0
0.0
0.0
0.0
0.0
0.0
0.0
0.001924
0.003848
0.079791
0.134689
0.225155
0.468773
0.357639
0.440081
0.520176
0.320078
0.227923
0.251572
0.28423
0.188415
0.02637
0.0
0.0
0.0
0.0
0.0
0.0
0.0
0.0
0.0
0.001443
0.002886
0.120824
0.321579
0.447471
0.725906
0.673799
0.687688
0.611369
0.76037
0.37995
0.298869
0.228697
0.117422
0.024798
0.0
0.0
0.0
0.0
0.0
0.0
0.0
0.0
0.0
0.001537
0.003073
0.017291
0.098325
0.310647
0.451084
0.511308
0.743314
0.180344
0.155687
0.571486
0.488809
0.361322
0.142291
0.010698
0.000985
0.0
0.0
0.0
0.0
0.0
0.0
0.0
0.0
0.004587
0.009173
0.051309
0.119299
0.143816
0.178632
0.322612
0.505537
0.556142
0.593187
0.601398
0.499413
0.35609
0.208075
0.033925
0.0
0.0
0.0
0.0
0.0
0.0
0.0
0.0
0.0
0.004974
0.009947
0.130748
0.308699
0.48658
0.509689
0.648367
0.589855
0.759877
0.793966
0.723747
0.465817
0.42828
0.171054
0.046922
0.0
0.0
0.0
0.0
0.0
0.0
0.0
0.0
0.0
0.00468
0.009361
0.123663
0.303514
0.501642
0.644379
0.755842
0.825544
0.839504
0.773484
0.68621
0.469125
0.392549
0.197541
0.03369
0.0
0.0
0.0
0.0
0.0
0.0
0.000868
0.001736
0.0
0.000469
0.000938
0.041033
0.118056
0.114888
0.204509
0.207934
0.272194
0.301192
0.206128
0.194961
0.200849
0.182292
0.227079
0.022569
0.0
0.0
0.0
0.0
0.0
0.0
0.0
0.0
0.0
0.002299
0.004598
0.095439
0.265789
0.526816
0.716216
0.582888
0.835069
0.842671
0.861745
0.655499
0.64039
0.410731
0.211806
0.048142
0.0
0.0
0.0
0.0
0.0
0.0
0.0
0.0
0.0
0.004293
0.008587
0.112871
0.312805
0.519238
0.677693
0.783737
0.873147
0.905546
0.845463
0.735267
0.598583
0.416667
0.145857
0.047368
0.0
0.0
0.0
0.0
0.0
0.0
0.0
0.0
0.0
0.003543
0.007085
0.069656
0.303256
0.514147
0.6692
0.771373
0.825849
0.90008
0.589433
0.666197
0.563274
0.381334
0.194398
0.038523
0.0
0.0
0.0
0.0
0.0
0.0
0.0
0.0
0.0
0.003496
0.006991
0.118642
0.287139
0.488246
0.64649
0.748639
0.836993
0.851961
0.506546
0.276417
0.053843
0.008188
0.009525
0.003543
0.0
0.0
0.0
0.0
0.0
0.0
0.0
0.0
0.0
0.001736
0.003472
0.062641
0.183113
0.398719
0.252581
0.287092
0.392244
0.541362
0.200192
0.209201
0.213354
0.09321
0.045561
0.005631
0.0
0.0
0.0
0.0
0.0
0.0
0.0
0.0
0.0
0.0
0.0
0.01539
0.041385
0.049057
0.066488
0.028059
0.0503
0.057386
0.125704
0.101023
0.119839
0.094524
0.069421
0.014475
0.0
0.0
0.0
0.0
0.0
0.0
0.0
0.0
0.0
0.0
0.001126
0.018628
0.054946
0.162772
0.352102
0.399775
0.367821
0.343633
0.380936
0.479659
0.119229
0.061444
0.060318
0.020552
0.00129
0.0
0.0
0.0
0.0
0.0
0.0
0.0
0.0
0.001173
0.002346
0.105222
0.297813
0.337556
0.263983
0.460562
0.647264
0.826483
0.808371
0.716826
0.395857
0.349029
0.190268
0.03613
0.0
0.0
0.0
0.0
0.0
0.0
0.0
0.0
0.0
0.0
0.001337
0.026206
0.064119
0.096495
0.212744
0.341029
0.238762
0.413734
0.515437
0.597645
0.524681
0.206151
0.102219
0.054758
0.0
0.0
0.0
0.0
0.0
0.0
0.0
0.0
0.0
0.0
0.000938
0.098395
0.200521
0.25739
0.319961
0.578148
0.730645
0.795139
0.761074
0.625164
0.530992
0.320782
0.024822
0.003238
0.0
0.0
0.0
0.0
0.0
0.0
0.0
0.0
0.0
0.000669
0.001337
0.083709
0.188697
0.407376
0.524587
0.663148
0.81013
0.499883
0.318459
0.3689
0.570758
0.385299
0.138209
0.010487
0.0
0.0
0.0
0.0
0.0
0.0
0.0
0.0
0.0
0.000974
0.001947
0.071791
0.206973
0.380044
0.304688
0.573949
0.740639
0.810952
0.636989
0.689846
0.450943
0.284488
0.110055
0.018323
0.0
0.0
0.0
0.0
0.0
0.0
0.0
0.0
0.0
0.00088
0.00176
0.098301
0.277215
0.491648
0.651206
0.635722
0.764264
0.660496
0.738598
0.660496
0.56806
0.375258
0.142736
0.009642
0.0
0.0
0.0
0.0
0.0
0.0
0.0
0.0
0.0
0.002041
0.004082
0.102384
0.265555
0.474967
0.609211
0.71014
0.791479
0.746059
0.646936
0.687547
0.559239
0.318975
0.039508
0.003988
0.0
0.0
0.0
0.0
0.0
0.0
0.0
0.0
0.0
0.000551
0.001103
0.060623
0.193811
0.442169
0.622349
0.718445
0.799315
0.808371
0.799456
0.347081
0.145294
0.060834
0.016047
0.003777
0.0
0.0
0.0
0.0
0.0
0.0
0.0
0.0
0.0
0.0
0.0
0.069491
0.128472
0.192427
0.372513
0.420045
0.575216
0.684356
0.688532
0.501314
0.244815
0.162162
0.172743
0.022663
0.0
0.0
0.0
0.0
0.0
0.0
0.0
0.0
0.0
0.000938
0.001877
0.045397
0.190362
0.391282
0.490076
0.782728
0.693506
0.668262
0.639217
0.302177
0.028294
0.066512
0.027919
0.001853
0.0
0.0
0.0
0.0
0.0
0.0
0.0
0.0
0.0
0.0
0.009337
0.018675
0.096425
0.207864
0.571016
0.56806
0.729261
0.767619
0.793309
0.771913
0.531485
0.310811
0.144543
0.010299
0.0
0.0
0.0
0.0
0.0
0.0
0.0
0.0
0.0
0.000622
0.001243
0.015766
0.066348
0.111346
0.295373
0.418027
0.484093
0.56189
0.403224
0.204157
0.423447
0.296242
0.133516
0.010346
0.001079
0.0
0.0
0.0
0.0
0.0
0.0
0.0
0.0
0.0
0.0
0.047555
0.144707
0.305696
0.579368
0.60358
0.634009
0.78864
0.813931
0.635065
0.559872
0.365709
0.166221
0.02149
0.0
0.0
0.0
0.0
0.0
0.0
0.0
0.0
0.0
0.000645
0.00129
0.090677
0.275267
0.477806
0.535238
0.396115
0.696204
0.863856
0.85473
0.483835
0.533831
0.332371
0.16662
0.015883
0.0
0.0
0.0
0.0
0.0
0.0
0.0
0.0
0.0
0.0
0.0
0.068999
0.262833
0.462791
0.61402
0.712439
0.733014
0.719806
0.797344
0.620707
0.472879
0.308042
0.150267
0.016493
0.0
0.0
0.0
0.0
0.0
0.0
0.0
0.0
0.0
0.0
0.0
0.086477
0.260511
0.461172
0.583943
0.648179
0.743126
0.631991
0.171758
0.036458
0.019144
0.032447
0.019121
0.002675
0.001408
0.0
0.0
0.0
0.0
0.0
0.0
0.0
0.0
0.0
0.0
0.009924
0.074606
0.144825
0.159535
0.250047
0.426497
0.567755
0.525737
0.434333
0.50366
0.368853
0.147945
0.009291
0.004645
0.0
0.0
0.0
0.0
0.0
0.0
0.0
0.0
0.000434
0.000868
0.037233
0.155171
0.393839
0.57958
0.68255
0.735572
0.597785
0.624578
0.652872
0.411411
0.354237
0.139687
0.012904
0.0
0.0
0.0
0.0
0.0
0.0
0.0
0.0
0.0
0.0
0.0
0.072682
0.228416
0.462322
0.603838
0.690691
0.684333
0.502252
0.125094
0.315268
0.372208
0.11341
0.022335
0.002463
0.000892
0.0
0.0
0.0
0.0
0.0
0.0
0.0
0.0
0.0
0.006686
0.013373
0.063485
0.064987
0.051896
0.043731
0.068248
0.110243
0.166104
0.192826
0.205635
0.101351
0.0846
0.012997
0.00122
0.0
0.0
0.0
0.0
0.0
0.0
0.0
0.0
0.0
0.0
0.02874
0.129246
0.239724
0.268675
0.311092
0.276159
0.360149
0.546852
0.371035
0.492469
0.340888
0.124977
0.012997
0.0
0.0
0.0
0.0
0.0
0.0
0.0
0.0
0.0
0.0
0.040939
0.081879
0.256334
0.45831
0.617305
0.703547
0.667277
0.766376
0.743642
0.495331
0.452116
0.328289
0.130326
0.011097
0.0
0.0
0.0
0.0
0.0
0.0
0.0
0.0
0.0
0.0
0.027156
0.054312
0.230762
0.491742
0.462345
0.373944
0.377534
0.534816
0.667441
0.632085
0.519027
0.278458
0.12066
0.009103
0.0
0.0
0.0
0.0
0.0
0.0
0.0
0.0
0.0
0.0
0.029045
0.058089
0.156367
0.384384
0.571321
0.673564
0.659886
0.728205
0.725249
0.603486
0.473982
0.300535
0.032447
0.002604
0.0
0.0
0.0
0.0
0.0
0.0
0.0
0.0
0.0
0.0
0.029831
0.059661
0.215301
0.308019
0.558817
0.618384
0.631686
0.680321
0.614513
0.541456
0.41981
0.129927
0.048189
0.002557
0.0
0.0
0.0
0.0
0.0
0.001032
0.0
0.0
0.0
0.0
0.0
0.001126
0.008164
0.021373
0.027262
0.033784
0.065808
0.168262
0.120214
0.120003
0.120308
0.101093
0.024235
0.004012
0.0019
0.001243
0.0
0.0
0.0
0.0
0.0
0.0
0.0
0.0
0.011555
0.023109
0.06494
0.112753
0.337275
0.63964
0.652332
0.510675
0.471471
0.264428
0.244322
0.235407
0.083615
0.00373
0.0
0.0
0.0
0.0
0.0
0.0
0.0
0.0
0.0
0.0
0.001243
0.002487
0.002182
0.006804
0.028036
0.042746
0.236651
0.262692
0.26098
0.276675
0.256546
0.233507
0.09009
0.006288
0.0
0.0
0.0
0.0
0.0
0.0
0.0
0.0
0.0
0.0
0.042382
0.084764
0.268558
0.473325
0.635299
0.720815
0.78132
0.807925
0.769379
0.673635
0.518041
0.321321
0.12134
0.005255
0.0
0.0
0.0
0.0
0.0
0.0
0.0
0.0
0.0
0.0
0.040165
0.08033
0.266047
0.466287
0.626197
0.715935
0.772898
0.791948
0.755373
0.65937
0.501173
0.309708
0.111979
0.004974
0.0
0.0
0.0
0.0
0.0
0.0
0.0
0.0
0.0
0.0
0.03254
0.065081
0.243337
0.439705
0.571931
0.680204
0.746223
0.639077
0.585492
0.41852
0.426661
0.275009
0.06006
0.00183
0.0
0.0
0.0
0.0
0.001314
0.0
0.0
0.0
0.0
0.0
0.003801
0.007601
0.107076
0.250094
0.16913
0.173259
0.230035
0.133282
0.262763
0.149892
0.086125
0.070594
0.036669
0.002299
0.00115
0.0
0.0
0.0
0.0
0.0
0.0
0.0
0.0
0.0
0.028834
0.057667
0.203735
0.423893
0.553679
0.685576
0.772124
0.787186
0.752229
0.645857
0.494111
0.29833
0.104894
0.002088
0.0
0.0
0.0
0.0
0.0
0.0
0.0
0.0
0.0
0.0
0.033291
0.066582
0.23827
0.436913
0.595861
0.693107
0.758657
0.772241
0.732123
0.630396
0.445617
0.272218
0.096073
0.002792
0.0
0.0
0.0
0.0
0.0
0.0
0.0
0.0
0.0
0.0
0.027074
0.054148
0.212932
0.442521
0.57592
0.590911
0.580635
0.521748
0.612636
0.470791
0.442474
0.199723
0.079744
0.001783
0.0
0.0
0.0
0.0
0.0
0.0
0.0
0.0
0.0
0.0
0.027156
0.054312
0.217084
0.412467
0.570641
0.672602
0.577116
0.38178
0.497044
0.552834
0.492586
0.222011
0.052365
0.001666
0.0
0.0
0.0
0.0
0.0
0.0
0.0
0.0
0.0
0.0
0.021877
0.043755
0.22187
0.262153
0.242422
0.636871
0.737096
0.748053
0.678843
0.315315
0.463776
0.257859
0.063556
0.0
0.0
0.0
0.0
0.0
0.0
0.0
0.0
0.0
0.0
0.0
0.026077
0.052154
0.217436
0.405804
0.565503
0.651933
0.678163
0.682691
0.694186
0.2763
0.301028
0.217812
0.046242
0.0
0.0
0.0
0.0
0.0
0.0
0.0
0.0
0.0
0.0
0.0
0.004974
0.009947
0.054453
0.142948
0.263865
0.206222
0.266681
0.546148
0.60778
0.420397
0.448081
0.25617
0.03925
0.0
0.0
0.0
0.0
0.0
0.0
0.0
0.0
0.0
0.0
0.0
0.023015
0.04603
0.177177
0.277965
0.537749
0.651675
0.706902
0.580307
0.496551
0.590724
0.432409
0.240709
0.072049
0.0
0.0
0.0
0.0
0.0
0.0
0.0
0.0
0.0
0.0
0.0
0.027027
0.054054
0.218985
0.410332
0.562265
0.65923
0.725389
0.743994
0.725038
0.516892
0.356982
0.177506
0.030499
0.0
0.0
0.0
0.0
0.0
0.0
0.0
0.0
0.0
0.0
0.0
0.008188
0.016376
0.123897
0.384126
0.517478
0.428655
0.517455
0.58758
0.506147
0.373334
0.262857
0.189447
0.043426
0.0019
0.0
0.0
0.0
0.0
0.0
0.0
0.0
0.0
0.0
0.0
0.021631
0.043262
0.200779
0.391845
0.54108
0.499672
0.545725
0.59565
0.358038
0.173588
0.048986
0.045725
0.047767
0.001548
0.0
0.0
0.0
0.0
0.0
0.0
0.0
0.0
0.0
0.0
0.024962
0.049925
0.212509
0.402285
0.563204
0.638326
0.618712
0.597433
0.650549
0.454063
0.393816
0.222457
0.058512
0.0
0.0
0.0
0.0
0.0
0.0
0.0
0.0
0.0
0.0
0.0
0.025115
0.05023
0.213026
0.402426
0.560881
0.643558
0.675816
0.559544
0.387082
0.462228
0.363926
0.163359
0.041995
0.0
0.0
0.0
0.0
0.0
0.0
0.0
0.0
0.0
0.0
0.0
0.024235
0.04847
0.20838
0.397828
0.553256
0.651605
0.545983
0.612894
0.424925
0.583685
0.264827
0.123545
0.04528
0.0
0.0
0.0
0.0
0.0
0.0
0.0
0.0
0.0
0.0
0.0
0.025068
0.050136
0.21563
0.401675
0.551473
0.653294
0.706715
0.713941
0.67401
0.572823
0.406532
0.210938
0.036247
0.0
0.0
0.0
0.0
0.0
0.0
0.0
0.0
0.0
0.0
0.0
0.023965
0.047931
0.213636
0.405828
0.55816
0.654631
0.701295
0.705753
0.666362
0.561702
0.411529
0.214081
0.046148
0.0
0.0
0.0
0.0
0.0
0.0
0.0
0.0
0.0
0.0
0.0
0.022781
0.045561
0.20702
0.402778
0.559169
0.6593
0.703594
0.717389
0.675957
0.568154
0.411646
0.21143
0.045256
0.0
0.0
0.0
0.0
0.0
0.0
0.0
0.0
0.0
0.0
0.0
0.006463
0.012927
0.100694
0.31372
0.527074
0.581058
0.391305
0.531438
0.60168
0.371739
0.281696
0.164579
0.019566
0.0
0.0
0.0
0.0
0.0
0.0
0.0
0.0
0.0
0.0
0.0
0.006628
0.013255
0.055767
0.110525
0.16174
0.161529
0.334624
0.202445
0.24824
0.231231
0.138912
0.056447
0.015132
0.0
0.0
0.0
0.0
0.0
0.0
0.0
0.0
0.0
0.0
0.0
0.0
0.005068
0.037538
0.095205
0.153974
0.410989
0.372232
0.380232
0.210515
0.219501
0.120331
0.063016
0.044154
0.0
0.0
0.0
0.0
0.0
0.0
0.0
0.0
0.0
0.0
0.0
0.009314
0.018628
0.158925
0.374625
0.540986
0.644027
0.657798
0.705846
0.658385
0.560975
0.401018
0.189494
0.041362
0.0
0.0
0.0
0.0
0.0
0.0
0.0
0.0
0.0
0.0
0.0
0.01939
0.038781
0.200263
0.390414
0.546805
0.633587
0.68696
0.679852
0.478017
0.464128
0.301825
0.163171
0.025103
0.0
0.0
0.0
0.0
0.0
0.0
0.0
0.0
0.0
0.0
0.0
0.011707
0.023414
0.099897
0.058418
0.114372
0.180368
0.130607
0.035778
0.023508
0.009924
0.008868
0.010229
0.002416
0.000868
0.0
0.0
0.0
0.0
0.0
0.0
0.0
0.0
0.0
0.0
0.000633
0.001267
0.005678
0.032892
0.053984
0.065409
0.053209
0.044928
0.080377
0.064494
0.052693
0.018722
0.004082
0.001079
0.000845
0.000422
0.0
0.0
0.0
0.0
0.0
0.0
0.0
0.0
0.008434
0.016868
0.085961
0.180814
0.290306
0.200662
0.053608
0.09809
0.265038
0.093867
0.122279
0.016399
0.012317
0.001337
0.000868
0.0
0.0
0.0
0.0
0.0
0.0
0.0
0.0
0.0
0.0
0.004927
0.064494
0.129763
0.48163
0.622185
0.669717
0.671805
0.633446
0.533573
0.37737
0.184051
0.032001
0.0
0.0
0.0
0.0
0.0
0.0
0.0
0.0
0.0
0.0
0.0
0.008117
0.016235
0.187289
0.35473
0.533361
0.625375
0.657822
0.691183
0.625892
0.537467
0.36639
0.182386
0.027614
0.0
0.0
0.0
0.0
0.0
0.0
0.0
0.0
0.0
0.0
0.0
0.017584
0.035168
0.190268
0.358319
0.504176
0.466732
0.63781
0.442474
0.451882
0.456973
0.28064
0.096143
0.024329
0.0
0.0
0.0
0.0
0.0
0.0
0.0
0.0
0.0
0.0
0.0
0.009736
0.019473
0.124977
0.315785
0.411693
0.48522
0.564729
0.490099
0.55152
0.483976
0.191277
0.13178
0.018159
0.000868
0.0
0.0
0.0
0.0
0.0
0.0
0.0
0.0
0.0
0.0
0.003554
0.007109
0.077163
0.159675
0.18316
0.291878
0.251689
0.132062
0.062195
0.013912
0.027754
0.050558
0.007109
0.0
0.0
0.0
0.0
0.0
0.0
0.0
0.0
0.0
0.0
0.0
0.001208
0.002416
0.019543
0.124273
0.338636
0.171547
0.193975
0.185881
0.154748
0.206926
0.118102
0.045045
0.006241
0.000938
0.000915
0.0
0.0
0.0
0.0
0.0
0.0
0.0
0.0
0.0
0.007695
0.01539
0.171945
0.349756
0.482381
0.624789
0.576178
0.38856
0.469149
0.363481
0.344454
0.161928
0.017807
0.0
0.0
0.0
0.0
0.0
0.0
0.0
0.0
0.0
0.0
0.0
0.013924
0.027848
0.173353
0.348208
0.498733
0.493009
0.568717
0.581503
0.452515
0.303561
0.189471
0.031438
0.0
0.0
0.0
0.0
0.0
0.0
0.0
0.0
0.0
0.0
0.0
0.0
0.009091
0.018182
0.094477
0.201952
0.337416
0.386566
0.372607
0.369792
0.280077
0.257343
0.166057
0.067169
0.006147
0.0
0.0
0.0
0.0
0.0
0.0
0.0
0.0
0.0
0.0
0.0
0.002839
0.005678
0.059333
0.156227
0.193811
0.171054
0.228181
0.174737
0.165799
0.181869
0.144543
0.028763
0.00312
0.00156
0.0
0.0
0.0
0.0
0.0
0.0
0.0
0.0
0.0
0.0
0.0
0.010839
0.144121
0.201764
0.413851
0.313251
0.188978
0.231278
0.228205
0.097316
0.057245
0.036224
0.009009
0.0
0.0
0.0
0.0
0.0
0.0
0.0
0.0
0.0
0.0
0.0
0.008282
0.016563
0.154537
0.335633
0.516563
0.605598
0.649986
0.648438
0.603228
0.495941
0.337462
0.13788
0.004997
0.0
0.0
0.0
0.0
0.0
0.0
0.0
0.0
0.0
0.0
0.0
0.013819
0.027637
0.175511
0.356114
0.504809
0.594383
0.634572
0.63056
0.584577
0.482357
0.326858
0.132554
0.005678
0.0
0.0
0.0
0.0
0.0
0.0
0.0
0.0
0.0
0.0
0.0
0.0
0.0
0.013936
0.015343
0.01905
0.060998
0.074254
0.121903
0.053749
0.064588
0.047673
0.014992
0.002698
0.0
0.0
0.0
0.0
0.0
0.0
0.0
0.0
0.0
0.0
0.0
0.0
0.0
0.004833
0.011965
0.020505
0.022288
0.04955
0.043332
0.012997
0.045115
0.025643
0.009244
0.002323
0.000985
0.0
0.001009
0.0
0.0
0.0
0.0
0.0
0.0
0.000516
0.001032
0.001314
0.00617
0.036318
0.061069
0.127909
0.217131
0.310013
0.546547
0.582371
0.35168
0.261167
0.129692
0.005349
0.0
0.0
0.0
0.0
0.0
0.0
0.0
0.0
0.0
0.0
0.0
0.010616
0.021232
0.171265
0.354988
0.507601
0.606489
0.657963
0.65015
0.59375
0.483272
0.326506
0.110759
0.003824
0.0
0.0
0.0
0.0
0.0
0.0
0.0
0.0
0.0
0.0
0.0
0.013314
0.026628
0.174221
0.353791
0.503895
0.600225
0.658737
0.651675
0.589926
0.480809
0.320711
0.115217
0.003191
0.0
0.0
0.0
0.0
0.0
0.0
0.0
0.0
0.0
0.0
0.0
0.012634
0.025267
0.173658
0.352266
0.499132
0.589457
0.638819
0.638091
0.57667
0.469876
0.314987
0.114654
0.003073
0.0
0.0
0.0
0.0
0.0
0.0
0.0
0.0
0.0
0.0
0.0
0.011801
0.023602
0.171687
0.351469
0.500493
0.597081
0.643088
0.641399
0.580917
0.471049
0.314705
0.087157
0.003238
0.0
0.0
0.0
0.0
0.0
0.0
0.0
0.0
0.0
0.0
0.0
0.002733
0.005466
0.043426
0.10595
0.264968
0.498757
0.60541
0.530663
0.525244
0.403974
0.225741
0.062078
0.006639
0.0
0.0
0.0
0.0
0.0
0.0
0.0
0.0
0.0
0.0
0.0
0.0
0.003073
0.018346
0.046734
0.142643
0.400619
0.576365
0.587556
0.527426
0.413194
0.273954
0.093187
0.003824
0.0
0.0
0.0
0.0
0.0
0.0
0.0
0.0
0.0
0.0
0.0
0.006522
0.013044
0.09809
0.167511
0.213377
0.193224
0.223325
0.205377
0.180649
0.142924
0.090536
0.027895
0.001408
0.0
0.0
0.0
0.0
0.0
0.0
0.0
0.0
0.0
0.0
0.0
0.000551
0.001103
0.013514
0.069515
0.060084
0.108929
0.237261
0.404068
0.533479
0.395786
0.270974
0.081527
0.004059
0.000892
0.0
0.000868
0.0
0.0
0.000985
0.0
0.0
0.0
0.0
0.0
0.005396
0.010792
0.053561
0.092342
0.146795
0.186585
0.539297
0.560952
0.522898
0.440315
0.264733
0.084506
0.002886
0.0
0.0
0.0
0.0
0.0
0.0
0.0
0.0
0.0
0.0
0.0
0.008047
0.016094
0.146866
0.317826
0.452515
0.539321
0.56433
0.54718
0.503543
0.413711
0.265813
0.083052
0.004106
0.0
0.0
0.0
0.0
0.0
0.0
0.0
0.0
0.0
0.0
0.0
0.005619
0.011238
0.10053
0.284323
0.407775
0.506475
0.573996
0.564494
0.508258
0.40747
0.253285
0.081527
0.003003
0.0
0.0
0.0
0.0
0.0
0.0
0.0
0.0
0.0
0.0
0.0
0.011437
0.022874
0.099967
0.251243
0.364231
0.320805
0.214222
0.143933
0.104472
0.06609
0.020599
0.003214
0.000892
0.0
0.0
0.0
0.0
0.0
0.0
0.0
0.0
0.0
0.0
0.0
0.0
0.003824
0.020904
0.128285
0.408502
0.549784
0.442309
0.538781
0.582278
0.414039
0.238997
0.086219
0.001924
0.0
0.0
0.0
0.0
0.0
0.0
0.0
0.0
0.0
0.0
0.0
0.003062
0.006123
0.062218
0.167957
0.448456
0.469172
0.544036
0.55145
0.463026
0.374085
0.225718
0.06799
0.001431
0.0
0.0
0.0
0.0
0.0
0.0
0.0
0.0
0.0
0.0
0.0
0.004833
0.009666
0.074254
0.195946
0.236017
0.316582
0.46936
0.463894
0.353932
0.244627
0.15496
0.0484
0.001267
0.0
0.0
0.0
0.0
0.0
0.0
0.0
0.0
0.0
0.0
0.0
0.0
0.003801
0.016986
0.05396
0.247654
0.428866
0.549784
0.509384
0.481231
0.387904
0.120754
0.0545
0.002018
0.0
0.0
0.0
0.0
0.0
0.0
0.0
0.0
0.0
0.0
0.000938
0.0
0.0
0.002252
0.005631
0.015414
0.025174
0.036529
0.025174
0.021209
0.013115
0.007508
0.003378
0.0
0.0
0.0
0.0
0.0
0.0
0.0
0.0
0.0
0.0
0.0
0.0
0.0
0.002018
0.03613
0.111486
0.160215
0.195829
0.245894
0.157235
0.240099
0.159933
0.206034
0.075638
0.003519
0.0
0.0
0.0
0.0
0.0
0.0
0.0
0.0
0.0
0.0
0.0
0.0
0.00373
0.040541
0.107592
0.225741
0.40876
0.319421
0.312523
0.214152
0.17096
0.092812
0.041291
0.002135
0.0
0.0
0.0
0.0
0.0
0.0
0.0
0.0
0.0
0.0
0.0
0.005502
0.011003
0.106208
0.304664
0.430814
0.530335
0.58582
0.56616
0.507015
0.377323
0.257437
0.075568
0.001243
0.0
0.0
0.0
0.0
0.0
0.0
0.0
0.0
0.0
0.0
0.0
0.004833
0.009666
0.122466
0.282705
0.41662
0.497748
0.539954
0.53742
0.454275
0.365733
0.264733
0.060905
0.001455
0.000962
0.0
0.0
0.0
0.0
0.0
0.0
0.0
0.0
0.0
0.0
0.002792
0.005584
0.088471
0.05816
0.040541
0.15503
0.126666
0.063251
0.029678
0.008446
0.005678
0.003543
0.0
0.0
0.0
0.0
0.0
0.0
0.0
0.0
0.0
0.0
0.0
0.0
0.004305
0.00861
0.117821
0.27949
0.408573
0.390015
0.301966
0.266329
0.095697
0.060013
0.047344
0.025572
0.002111
0.000892
0.0
0.0
0.0
0.0
0.0
0.0
0.0
0.0
0.0
0.0
0.0
0.001267
0.016822
0.04772
0.10717
0.338706
0.23895
0.107662
0.057855
0.093797
0.034957
0.008071
0.001384
0.0
0.0
0.0
0.0
0.0
0.0
0.0
0.0
0.0
0.0
0.0
0.000587
0.001173
0.026276
0.184591
0.414414
0.482005
0.530687
0.547485
0.490616
0.386214
0.253073
0.064682
0.0
0.0
0.0
0.0
0.0
0.0
0.0
0.0
0.0
0.0
0.0
0.0
0.004833
0.009666
0.127792
0.285567
0.404537
0.470158
0.51654
0.530734
0.451389
0.326272
0.192826
0.051802
0.0
0.0
0.0
0.0
0.0
0.0
0.0
0.0
0.0
0.0
0.0
0.0
0.0
0.0
0.010112
0.013021
0.010628
0.020998
0.030476
0.027825
0.028294
0.0324
0.013725
0.003449
0.0
0.0
0.0
0.0
0.0
0.0
0.0
0.0
0.0
0.0
0.0
0.0
0.001032
0.005373
0.030898
0.045585
0.321603
0.245754
0.130748
0.258727
0.136918
0.062969
0.083451
0.040775
0.001079
0.0
0.0
0.0
0.0
0.0
0.0
0.0
0.0
0.0
0.0
0.0
0.001666
0.003331
0.09673
0.250962
0.376994
0.446673
0.492258
0.452116
0.364302
0.141305
0.078993
0.012411
0.0
0.0
0.0
0.0
0.0
0.0
0.0
0.0
0.0
0.0
0.0
0.0
0.0
0.001314
0.018393
0.120073
0.077257
0.128238
0.091709
0.171617
0.131616
0.098043
0.062758
0.012927
0.001642
0.0
0.0
0.0
0.0
0.0
0.0
0.0
0.0
0.0
0.0
0.0
0.0
0.0
0.009126
0.009431
0.092952
0.071251
0.031039
0.018018
0.034769
0.041197
0.032259
0.00983
0.0
0.0
0.0
0.0
0.0
0.0
0.0
0.0
0.0
0.0
0.0
0.0
0.0
0.001361
0.016962
0.048564
0.072893
0.132578
0.147781
0.124742
0.088612
0.042253
0.040142
0.010464
0.001713
0.00122
0.001056
0.000868
0.0
0.0
0.0
0.0
0.0
0.0
0.0
0.0
0.0
0.001103
0.027872
0.116624
0.193271
0.209413
0.21014
0.208122
0.220228
0.160309
0.082559
0.016962
0.001455
0.0
0.0
0.0
0.0
0.0
0.0
0.0
0.0
0.0
0.0
0.0
0.0
0.0
0.004246
0.008657
0.027262
0.036271
0.060365
0.046077
0.009572
0.006757
0.004176
0.003941
0.0
0.0
0.0
0.0
0.0
0.0
0.0
0.0
0.0
0.0
0.0
0.0
0.0
0.008763
0.017525
0.025596
0.0404
0.074442
0.064095
0.064471
0.10602
0.067309
0.045585
0.013725
0.0
0.0
0.0
0.0
0.0
0.0
0.0
0.0
0.0
0.0
0.0
0.0
0.000798
0.001595
0.033995
0.073409
0.112636
0.116765
0.224545
0.18194
0.164461
0.140367
0.068248
0.01661
0.001666
0.0
0.0
0.0
0.0
0.0
0.0
0.0
0.0
0.0
0.0
0.0
0.000892
0.001783
0.01905
0.101234
0.147288
0.195242
0.208427
0.244956
0.200732
0.160496
0.183887
0.050863
0.0
0.0
0.0
0.0
0.0
0.0
0.0
0.0
0.0
0.0
0.0
0.0
0.002639
0.005279
0.111017
0.244932
0.340817
0.440972
0.520341
0.50427
0.34063
0.238246
0.130443
0.0141
0.000868
0.0
0.0
0.0
0.0
0.0
0.0
0.0
0.0
0.0
0.0
0.0
0.00054
0.001079
0.007789
0.016892
0.032658
0.054594
0.040376
0.055556
0.070571
0.015953
0.010651
0.007812
0.001877
0.0
0.0
0.0
0.0
0.0
0.0
0.0
0.0
0.0
0.0
0.0
0.000645
0.00129
0.021232
0.077327
0.088448
0.091826
0.081316
0.091732
0.037514
0.025432
0.024869
0.005678
0.001361
0.000868
0.000868
0.000892
0.0
0.0
0.0
0.0
0.0
0.0
0.0
0.0
0.0
0.00129
0.015766
0.041057
0.073128
0.155147
0.172485
0.052083
0.073574
0.055016
0.037467
0.011895
0.001267
0.000868
0.0
0.0
0.0
0.0
0.0
0.0
0.0
0.0
0.0
0.0
0.0
0.00176
0.020505
0.079931
0.101703
0.104706
0.185858
0.068741
0.01037
0.009056
0.007719
0.001971
0.001126
0.001056
0.0
0.0
0.000868
0.000868
0.0
0.0
0.0
0.0
0.0
0.0
0.0
0.001114
0.002229
0.010675
0.039931
0.099686
0.186139
0.203219
0.182503
0.139616
0.056658
0.014616
0.001572
0.0
0.0
0.0
0.0
0.0
0.0
0.0
0.0
0.0
0.0
0.0
0.0
0.0
0.021467
0.058793
0.29108
0.426286
0.458122
0.321298
0.149775
0.0667
0.033526
0.011942
0.001032
0.0
0.0
0.0
0.0
0.0
0.0
0.0
0.0
0.0
0.0
0.0
0.001091
0.002182
0.095908
0.242797
0.33033
0.437477
0.473841
0.500751
0.450263
0.350319
0.219055
0.04969
0.0
0.0
0.0
0.0
0.0
0.0
0.0
0.0
0.0
0.0
0.0
0.0
0.001572
0.003144
0.098536
0.24268
0.379645
0.466357
0.498545
0.489067
0.449348
0.348653
0.214199
0.043919
0.0
0.0
0.0
0.0
0.0
0.0
0.0
0.0
0.0
0.0
0.0
0.0
0.001197
0.002393
0.079017
0.241578
0.380021
0.466521
0.499296
0.496059
0.452515
0.34931
0.218163
0.047837
0.0
0.0
0.0
0.0
0.0
0.0
0.0
0.0
0.0
0.0
0.0
0.0
0.001091
0.002182
0.091545
0.240287
0.374437
0.457442
0.488082
0.482287
0.329838
0.299808
0.176473
0.072823
0.0
0.0
0.0
0.0
0.0
0.0
0.0
0.0
0.0
0.0
0.0
0.0
0.000962
0.001924
0.09124
0.237003
0.375352
0.464504
0.494721
0.467858
0.430649
0.171593
0.19604
0.04481
0.0
0.0
0.0
0.0
0.0
0.0
0.0
0.0
0.0
0.0
0.0
0.0
0.000809
0.001619
0.066441
0.171523
0.347222
0.464574
0.491906
0.446274
0.298635
0.31677
0.089644
0.018769
0.001056
0.0
0.0
0.0
0.0
0.0
0.0
0.0
0.0
0.0
0.0
0.0
0.0
0.0
0.062312
0.241883
0.383939
0.44489
0.448972
0.493736
0.43994
0.337814
0.203195
0.041784
0.0
0.0
0.0
0.0
0.0
0.0
0.0
0.0
0.0
0.0
0.0
0.0
0.001255
0.00251
0.08941
0.216099
0.35229
0.436233
0.469923
0.478181
0.425887
0.311303
0.1593
0.046406
0.0
0.0
0.0
0.0
0.0
0.0
0.0
0.0
0.0
0.0
0.0
0.0
0.0
0.0
0.088237
0.149986
0.115663
0.061608
0.053819
0.05572
0.022874
0.022311
0.01288
0.004786
0.0
0.0
0.0
0.0
0.0
0.0
0.0
0.0
0.0
0.0
0.0
0.0
0.0
0.0
0.0545
0.134947
0.24885
0.401441
0.287889
0.378003
0.311374
0.191676
0.142385
0.049362
0.0
0.0
0.0
0.0
0.0
0.0
0.0
0.0
0.0
0.0
0.0
0.0
0.000551
0.001103
0.088636
0.244534
0.389663
0.484258
0.51654
0.515437
0.473043
0.36707
0.229214
0.053045
0.0
0.0
0.0
0.0
0.0
0.0
0.0
0.0
0.0
0.0
0.0
0.0
0.0
0.0
0.057386
0.189846
0.207676
0.32843
0.307714
0.40869
0.403998
0.309122
0.134877
0.05145
0.0
0.0
0.0
0.0
0.0
0.0
0.0
0.0
0.0
0.0
0.0
0.0
0.000669
0.001337
0.085046
0.227665
0.359821
0.456621
0.494581
0.490404
0.447588
0.348161
0.216052
0.050347
0.0
0.0
0.0
0.0
0.0
0.0
0.0
0.0
0.0
0.0
0.0
0.0
0.0
0.0
0.08094
0.219337
0.352055
0.456128
0.482193
0.487026
0.440245
0.263326
0.105762
0.027473
0.0
0.0
0.0
0.0
0.0
0.0
0.0
0.0
0.0
0.0
0.0
0.0
0.0
0.0
0.081691
0.222175
0.354143
0.451295
0.491085
0.487003
0.443788
0.339433
0.213213
0.053233
0.0
0.0
0.0
0.0
0.0
0.0
0.0
0.0
0.0
0.0
0.0
0.0
0.000669
0.001337
0.087087
0.231912
0.366273
0.466287
0.50434
0.497302
0.450638
0.347246
0.21455
0.053632
0.0
0.0
0.0
0.0
0.0
0.0
0.0
0.0
0.0
0.0
0.0
0.0
0.0
0.038746
0.077492
0.230434
0.37371
0.476328
0.457301
0.432667
0.376947
0.279561
0.191441
0.05213
0.0
0.0
0.0
0.0
0.0
0.0
0.0
0.0
0.0
0.0
0.0
0.0
0.0
0.04189
0.083779
0.218093
0.353181
0.447729
0.501783
0.49573
0.451553
0.348935
0.209389
0.057526
0.0
0.0
0.0
0.0
0.0
0.0
0.0
0.0
0.0
0.0
0.0
0.0
0.0
0.0
0.043989
0.168966
0.320711
0.396584
0.453031
0.456058
0.474545
0.332371
0.139452
0.055063
0.000962
0.0
0.0
0.0
0.0
0.0
0.0
0.0
0.0
0.0
0.0
0.0
0.0
0.0
0.076905
0.215231
0.320242
0.411036
0.448456
0.466709
0.448269
0.337979
0.205283
0.058394
0.0
0.0
0.0
0.0
0.0
0.0
0.0
0.0
0.0
0.0
0.0
0.0
0.0
0.0
0.0061
0.033103
0.09741
0.070383
0.145528
0.13422
0.110994
0.073503
0.051567
0.013936
0.000938
0.0
0.0
0.0
0.0
0.0
0.0
0.0
0.0
0.0
0.0
0.0
0.0
0.0
0.038171
0.12934
0.236885
0.434919
0.477947
0.489959
0.463894
0.35846
0.224287
0.055415
0.0
0.0
0.0
0.0
0.0
0.0
0.0
0.0
0.0
0.0
0.0
0.0
0.000528
0.001056
0.091662
0.235736
0.356959
0.456081
0.486088
0.499718
0.473184
0.369581
0.234797
0.06074
0.0
0.0
0.0
0.0
0.0
0.0
0.0
0.0
0.0
0.0
0.0
0.0
0.000762
0.001525
0.092084
0.233085
0.357475
0.45336
0.477736
0.502111
0.467765
0.365663
0.23095
0.064048
0.0
0.0
0.0
0.0
0.0
0.0
0.0
0.0
0.0
0.0
0.0
0.0
0.0
0.0
0.05572
0.221636
0.344735
0.447049
0.418919
0.493173
0.371809
0.223419
0.165189
0.081198
0.001337
0.0
0.0
0.0
0.0
0.0
0.0
0.0
0.0
0.0
0.0
0.0
0.000551
0.001103
0.087767
0.210069
0.346636
0.438603
0.479026
0.462721
0.411083
0.339738
0.211571
0.056259
0.0
0.0
0.0
0.0
0.0
0.0
0.0
0.0
0.0
0.0
0.0
0.0
0.000504
0.001009
0.081105
0.22241
0.351914
0.447072
0.48888
0.498475
0.483483
0.198691
0.198925
0.04786
0.0
0.0
0.0
0.0
0.0
0.0
0.0
0.0
0.0
0.0
0.0
0.0
0.000446
0.000892
0.086125
0.215231
0.345345
0.448034
0.493736
0.477642
0.459999
0.327914
0.22912
0.065221
0.000892
0.0
0.0
0.0
0.0
0.0
0.0
0.0
0.0
0.0
0.0
0.0
0.0
0.0
0.069515
0.193834
0.303397
0.431001
0.485102
0.494627
0.451436
0.356747
0.216873
0.05328
0.0
0.0
0.0
0.0
0.0
0.0
0.0
0.0
0.0
0.0
0.0
0.0
0.0
0.0
0.035191
0.16906
0.20153
0.230997
0.343844
0.270012
0.206738
0.21448
0.088847
0.028036
0.002323
0.0
0.0
0.0
0.0
0.0
0.0
0.0
0.0
0.0
0.0
0.0
0.000422
0.000845
0.076389
0.221401
0.232569
0.419365
0.495402
0.384877
0.46197
0.335445
0.215419
0.065386
0.0
0.0
0.0
0.0
0.0
0.0
0.0
0.0
0.0
0.0
0.0
0.0
0.000657
0.001314
0.019848
0.058019
0.145247
0.448175
0.338636
0.446204
0.328148
0.18133
0.214996
0.051544
0.001713
0.0
0.0
0.0
0.0
0.0
0.0
0.0
0.0
0.0
0.0
0.0
0.0
0.0
0.076084
0.214973
0.34734
0.448175
0.495777
0.502041
0.458896
0.361369
0.219078
0.061843
0.001267
0.0
0.0
0.0
0.0
0.0
0.0
0.0
0.0
0.0
0.0
0.0
0.000751
0.001502
0.085492
0.224756
0.356161
0.459483
0.509689
0.513654
0.474076
0.371105
0.226422
0.063603
0.001173
0.0
0.0
0.0
0.0
0.0
0.0
0.0
0.0
0.0
0.0
0.0
0.000587
0.001173
0.01837
0.06623
0.150526
0.298306
0.356607
0.341568
0.29162
0.267033
0.193178
0.044552
0.001455
0.0
0.0
0.0
0.0
0.0
0.0
0.0
0.0
0.0
0.0
0.0
0.000598
0.001197
0.075286
0.200497
0.356137
0.414672
0.433019
0.459272
0.412725
0.27759
0.169365
0.054289
0.0
0.0
0.0
0.0
0.0
0.0
0.0
0.0
0.0
0.0
0.0
0.0
0.0
0.009337
0.018675
0.042347
0.067614
0.099545
0.097879
0.072776
0.070969
0.029584
0.013889
0.006874
0.001009
0.000504
0.0
0.0
0.0
0.0
0.0
0.0
0.0
0.0
0.0
0.0
0.0
0.0
0.008164
0.027825
0.048611
0.059192
0.157658
0.265977
0.270646
0.347504
0.255114
0.038593
0.001548
0.0
0.0
0.0
0.0
0.0
0.0
0.0
0.0
0.0
0.0
0.0
0.004422
0.008845
0.171734
0.30823
0.421805
0.528575
0.574817
0.574207
0.520857
0.41798
0.274446
0.092295
0.001056
0.0
0.0
0.0
0.0
0.0
0.0
0.0
0.0
0.0
0.0
0.0
0.002616
0.005232
0.109516
0.2721
0.419646
0.507367
0.549057
0.551028
0.512434
0.414555
0.269543
0.080987
0.000938
0.0
0.0
0.0
0.0
0.0
0.0
0.0
0.0
0.0
0.0
0.0
0.001994
0.003988
0.108812
0.260581
0.397194
0.500751
0.541244
0.550746
0.506076
0.407564
0.267385
0.086665
0.001056
0.0
0.0
0.0
0.0
0.0
0.0
0.0
0.0
0.0
0.0
0.0
0.001548
0.003097
0.102313
0.256991
0.395857
0.498616
0.538828
0.54542
0.501032
0.404795
0.261379
0.076014
0.00129
0.0
0.0
0.0
0.0
0.0
0.0
0.0
0.0
0.0
0.0
0.0
0.001889
0.003777
0.108483
0.262927
0.382296
0.461336
0.508868
0.528716
0.486533
0.40015
0.267525
0.085938
0.001619
0.0
0.0
0.0
0.0
0.0
0.0
0.0
0.0
0.0
0.0
0.0
0.0019
0.003801
0.10724
0.253073
0.364724
0.44855
0.496974
0.511027
0.472269
0.389827
0.256639
0.084108
0.0019
0.0
0.0
0.0
0.0
0.0
0.0
0.0
0.0
0.0
0.0
0.0
0.001326
0.002651
0.098935
0.24451
0.357967
0.436562
0.484868
0.500117
0.460163
0.225413
0.120284
0.078805
0.003285
0.0
0.0
0.0
0.0
0.0
0.0
0.0
0.0
0.0
0.0
0.0
0.001185
0.00237
0.089081
0.229753
0.344477
0.424995
0.473395
0.495683
0.448855
0.37073
0.238293
0.079908
0.002557
0.0
0.0
0.0
0.0
0.0
0.0
0.0
0.0
0.0
0.0
0.0
0.001502
0.003003
0.100741
0.251243
0.370378
0.449043
0.503472
0.519144
0.478017
0.398179
0.26539
0.095603
0.002182
0.0
0.0
0.0
0.0
0.0
0.0
0.0
0.0
0.0
0.0
0.0
0.001642
0.003285
0.099897
0.249648
0.368337
0.456222
0.512458
0.524329
0.483178
0.398438
0.261895
0.084882
0.002933
0.0
0.0
0.0
0.0
0.0
0.0
0.0
0.0
0.0
0.0
0.0
0.002123
0.004246
0.10785
0.2561
0.375962
0.45709
0.512575
0.526816
0.48353
0.39947
0.257484
0.083427
0.003097
0.0
0.0
0.0
0.0
0.0
0.0
0.0
0.0
0.0
0.0
0.0
0.00217
0.00434
0.106959
0.261191
0.383305
0.466029
0.53118
0.55145
0.488199
0.388607
0.259032
0.090043
0.00312
0.0
0.0
0.0
0.0
0.0
0.0
0.0
0.0
0.0
0.0
0.0
0.001126
0.002252
0.036294
0.107475
0.179383
0.288969
0.485665
0.50251
0.47973
0.399939
0.268651
0.097011
0.002862
0.0
0.0
0.0
0.0
0.0
0.0
0.0
0.0
0.0
0.0
0.0
0.001255
0.00251
0.059591
0.26227
0.378496
0.465442
0.53301
0.547767
0.524165
0.369979
0.249038
0.106278
0.002839
0.0
0.0
0.0
0.0
0.0
0.0
0.0
0.0
0.0
0.0
0.0
0.002205
0.004411
0.092952
0.234915
0.359938
0.446274
0.507672
0.531039
0.474263
0.38598
0.255138
0.088119
0.002792
0.0
0.0
0.0
0.0
0.0
0.0
0.0
0.0
0.0
0.0
0.0
0.002229
0.004458
0.04664
0.041244
0.033948
0.090395
0.105668
0.053773
0.025713
0.024986
0.040282
0.007015
0.001197
0.000598
0.0
0.0
0.0
0.0
0.0
0.0
0.0
0.0
0.0
0.0
0.0
0.002604
0.072494
0.119674
0.174198
0.29962
0.481771
0.404279
0.399704
0.313438
0.242117
0.083662
0.004716
0.0
0.0
0.0
0.0
0.0
0.0
0.0
0.0
0.0
0.0
0.0
0.004153
0.008305
0.119792
0.298212
0.437359
0.531837
0.587181
0.605269
0.549972
0.443764
0.301145
0.106278
0.004082
0.0
0.0
0.0
0.0
0.0
0.0
0.0
0.0
0.0
0.0
0.0
0.005419
0.010839
0.132625
0.295045
0.434497
0.525526
0.57836
0.600366
0.544459
0.440972
0.299948
0.115756
0.004035
0.0
0.0
0.0
0.0
0.0
0.0
0.0
0.0
0.0
0.0
0.0
0.005912
0.011824
0.136918
0.298822
0.435107
0.529092
0.586547
0.609281
0.557737
0.450122
0.302998
0.122513
0.003707
0.0
0.0
0.0
0.0
0.0
0.0
0.0
0.0
0.0
0.0
0.0
0.005455
0.010909
0.124672
0.285473
0.417605
0.504528
0.561655
0.579603
0.523602
0.415236
0.259431
0.107334
0.004763
0.0
0.0
0.0
0.0
0.0
0.0
0.0
0.0
0.0
0.0
0.0
0.0
0.002909
0.090724
0.09382
0.310787
0.246856
0.283549
0.343328
0.476938
0.399587
0.258352
0.097621
0.005748
0.0
0.0
0.0
0.0
0.0
0.0
0.0
0.0
0.0
0.0
0.0
0.002088
0.004176
0.039931
0.119721
0.207395
0.46563
0.609774
0.62371
0.572846
0.465536
0.315128
0.131851
0.004974
0.0
0.0
0.0
0.0
0.0
0.0
0.0
0.0
0.0
0.0
0.0
0.005384
0.010769
0.116061
0.272828
0.408033
0.486627
0.496293
0.430391
0.277567
0.179875
0.086688
0.013514
0.006757
0.0
0.0
0.0
0.0
0.0
0.0
0.0
0.0
0.0
0.0
0.0
0.00244
0.00488
0.064705
0.117164
0.208849
0.308488
0.482498
0.515062
0.500798
0.418966
0.221237
0.097691
0.006944
0.0
0.0
0.0
0.0
0.0
0.0
0.0
0.0
0.0
0.0
0.0
0.0
0.0
0.001044
0.002088
0.008868
0.070829
0.203665
0.26539
0.084366
0.037139
0.020833
0.0122
0.001853
0.000845
0.0
0.0
0.0
0.0
0.0
0.0
0.0
0.0
0.0
0.0
0.0
0.0
0.008282
0.04284
0.032963
0.092272
0.092319
0.168802
0.153036
0.244393
0.109305
0.016493
0.004012
0.001361
0.0
0.0
0.0
0.0
0.0
0.0
0.0
0.0
0.0
0.0
0.00149
0.00298
0.040939
0.135112
0.202093
0.36327
0.492563
0.492352
0.633704
0.463589
0.296335
0.125422
0.004645
0.0
0.0
0.0
0.0
0.0
0.0
0.0
0.0
0.0
0.0
0.0
0.009103
0.018206
0.161482
0.332371
0.472222
0.546922
0.616671
0.639217
0.580072
0.473161
0.32775
0.138068
0.005607
0.0
0.0
0.0
0.0
0.0
0.0
0.0
0.0
0.0
0.0
0.0
0.006827
0.013654
0.131334
0.255983
0.429875
0.550816
0.628613
0.645739
0.587439
0.481372
0.332254
0.143628
0.005513
0.0
0.0
0.0
0.0
0.0
0.0
0.0
0.0
0.0
0.0
0.0
0.009901
0.019801
0.158127
0.328923
0.472128
0.548517
0.616671
0.635229
0.569914
0.466592
0.324395
0.138725
0.006334
0.0
0.0
0.0
0.0
0.0
0.0
0.0
0.0
0.0
0.0
0.0
0.011332
0.022663
0.166174
0.333568
0.467624
0.546101
0.620636
0.64452
0.583427
0.473278
0.331198
0.139827
0.006546
0.0
0.0
0.0
0.0
0.0
0.0
0.0
0.0
0.0
0.0
0.0
0.002405
0.004809
0.171453
0.213002
0.225741
0.203336
0.397006
0.403224
0.266822
0.328852
0.210046
0.085234
0.005865
0.0
0.0
0.0
0.0
0.000575
0.00115
0.0
0.0
0.0
0.0
0.0
0.00271
0.005419
0.018675
0.086196
0.132273
0.293825
0.40632
0.484
0.613105
0.509549
0.355645
0.157071
0.008117
0.0
0.0
0.0
0.0
0.0
0.0
0.0
0.0
0.0
0.0
0.0
0.01837
0.03674
0.198151
0.386003
0.521256
0.582934
0.647452
0.645763
0.585023
0.494862
0.336501
0.166878
0.011965
0.0
0.0
0.0
0.0
0.0
0.0
0.0
0.0
0.0
0.0
0.0
0.017725
0.03545
0.194116
0.381475
0.521232
0.591169
0.649822
0.645364
0.586524
0.49688
0.342976
0.153224
0.008704
0.0
0.0
0.0
0.0
0.0
0.0
0.0
0.0
0.0
0.0
0.0
0.013631
0.027262
0.173728
0.353275
0.482146
0.552506
0.609023
0.603346
0.518581
0.445782
0.284159
0.0846
0.006475
0.0
0.0
0.0
0.0
0.0
0.0
0.0
0.0
0.0
0.0
0.0
0.00827
0.01654
0.152942
0.297626
0.45214
0.518088
0.575052
0.600835
0.54101
0.443178
0.294904
0.133329
0.011214
0.0
0.0
0.0
0.0
0.0
0.0
0.0
0.0
0.0
0.0
0.0
0.01159
0.023179
0.163335
0.341756
0.474334
0.563415
0.620589
0.628191
0.570031
0.473888
0.317075
0.146608
0.014992
0.0
0.0
0.0
0.0
0.0
0.0
0.0
0.0
0.0
0.0
0.0
0.017772
0.035543
0.185365
0.358038
0.496645
0.580635
0.623733
0.621974
0.562711
0.442309
0.293895
0.132578
0.007508
0.0
0.0
0.0
0.0
0.0
0.0
0.0
0.0
0.0
0.0
0.0
0.000657
0.001314
0.011308
0.015132
0.034441
0.043802
0.062265
0.049385
0.085023
0.168051
0.347668
0.146303
0.005584
0.0
0.0
0.0
0.0
0.0
0.0
0.0
0.0
0.0
0.0
0.0
0.0
0.013584
0.15069
0.360548
0.367962
0.37432
0.541925
0.375704
0.345392
0.257226
0.115334
0.035027
0.005185
0.0
0.0
0.0
0.0
0.0
0.0
0.0
0.0
0.0
0.0
0.0
0.017009
0.034018
0.148602
0.341803
0.425019
0.53674
0.629012
0.629317
0.582958
0.484093
0.334577
0.1551
0.018558
0.0
0.0
0.0
0.0
0.0
0.0
0.0
0.0
0.0
0.0
0.0
0.0
0.010299
0.036083
0.176849
0.347011
0.333286
0.449348
0.535825
0.395646
0.143581
0.019801
0.02027
0.005419
0.0
0.0
0.0
0.0
0.0
0.0
0.0
0.0
0.0
0.0
0.0
0.008528
0.017056
0.183652
0.319327
0.505279
0.651441
0.69062
0.698269
0.635909
0.524071
0.365592
0.158033
0.017408
0.0
0.0
0.0
0.0
0.0
0.0
0.0
0.0
0.0
0.0
0.0
0.013068
0.026136
0.16364
0.353838
0.486533
0.567075
0.618102
0.6292
0.571767
0.47119
0.308324
0.132203
0.019989
0.0
0.0
0.0
0.0
0.0
0.0
0.0
0.0
0.0
0.0
0.0
0.017408
0.034816
0.188884
0.351023
0.511003
0.597175
0.648156
0.651089
0.603041
0.478299
0.33826
0.148156
0.019801
0.0
0.0
0.0
0.0
0.0
0.0
0.0
0.0
0.0
0.0
0.0
0.020423
0.040846
0.191981
0.355551
0.495308
0.588213
0.648531
0.648179
0.597879
0.481888
0.332113
0.141822
0.019261
0.0
0.0
0.0
0.0
0.0
0.0
0.0
0.0
0.0
0.0
0.0
0.020739
0.041479
0.197354
0.369698
0.489255
0.569327
0.633587
0.662819
0.577726
0.468375
0.315644
0.130631
0.016118
0.0
0.0
0.0
0.0
0.0
0.0
0.0
0.0
0.0
0.0
0.0
0.01498
0.02996
0.024047
0.095087
0.121786
0.035637
0.075802
0.044482
0.038429
0.066488
0.140109
0.103838
0.0343
0.0
0.0
0.0
0.0
0.0
0.0
0.0
0.0
0.0
0.0
0.0
0.020059
0.040118
0.17286
0.356935
0.480973
0.592647
0.612331
0.610806
0.553984
0.369205
0.212462
0.123498
0.01905
0.0
0.0
0.0
0.0
0.0
0.0
0.0
0.0
0.0
0.0
0.0
0.022581
0.045162
0.178608
0.376009
0.498147
0.582512
0.650549
0.673236
0.616343
0.513678
0.347058
0.160708
0.023273
0.0
0.0
0.0
0.0
0.0
0.0
0.0
0.0
0.0
0.0
0.0
0.019848
0.039696
0.199348
0.368267
0.438814
0.572823
0.651722
0.651276
0.535661
0.411013
0.303092
0.144707
0.014428
0.0
0.0
0.0
0.0
0.0
0.0
0.0
0.0
0.0
0.0
0.0
0.020294
0.040587
0.10473
0.236932
0.347926
0.296945
0.310529
0.12622
0.086196
0.161998
0.042605
0.011379
0.000868
0.000434
0.0
0.0
0.0
0.0
0.0
0.0
0.0
0.0
0.0
0.0
0.024728
0.049456
0.203618
0.369721
0.508516
0.606231
0.678374
0.59368
0.39032
0.384267
0.312218
0.140414
0.010065
0.0
0.0
0.0
0.0
0.0
0.0
0.0
0.000422
0.000845
0.000422
0.0
0.0
0.002862
0.014147
0.117797
0.39513
0.57348
0.320172
0.390789
0.463964
0.480715
0.333099
0.160661
0.027285
0.0
0.0
0.0
0.0
0.0
0.0
0.0
0.0
0.0
0.0
0.0
0.0
0.036388
0.132695
0.311163
0.470979
0.5282
0.493525
0.302599
0.311468
0.238903
0.268041
0.115897
0.018956
0.0
0.0
0.0
0.0
0.0
0.0
0.0
0.0
0.0
0.0
0.0
0.0
0.017596
0.116906
0.342155
0.488926
0.581785
0.618924
0.40069
0.502581
0.268605
0.280265
0.135956
0.022358
0.0
0.0
0.0
0.0
0.0
0.0
0.0
0.0
0.0
0.0
0.0
0.017291
0.034581
0.106208
0.258141
0.300676
0.083193
0.060811
0.179641
0.114959
0.014593
0.030804
0.022452
0.002886
0.001056
0.001079
0.0
0.0
0.0
0.0
0.0
0.0
0.0
0.0
0.0
0.0
0.002839
0.015719
0.04528
0.076365
0.058488
0.074207
0.029467
0.036974
0.047696
0.022311
0.019942
0.002933
0.0
0.0
0.0
0.0
0.0
0.0
0.0
0.0
0.0
0.0
0.0
0.0
0.001783
0.011308
0.049104
0.125094
0.308605
0.186022
0.072893
0.047227
0.049315
0.031227
0.018464
0.009408
0.001431
0.000938
0.000938
0.0
0.0
0.0
0.0
0.0
0.0
0.0
0.0
0.000985
0.048564
0.272147
0.42652
0.355621
0.26356
0.34558
0.620707
0.397171
0.351492
0.360079
0.212064
0.041831
0.0
0.0
0.0
0.0
0.0
0.0
0.0
0.0
0.0
0.0
0.0
0.0
0.03925
0.290986
0.400361
0.585093
0.488786
0.602759
0.669599
0.647593
0.503566
0.395693
0.194656
0.036787
0.0
0.0
0.0
0.0
0.0
0.0
0.0
0.0
0.0
0.0
0.0
0.001267
0.029045
0.144261
0.385839
0.525713
0.625704
0.684544
0.681987
0.635487
0.521748
0.364888
0.168942
0.029842
0.0
0.0
0.0
0.0
0.0
0.0
0.0
0.0
0.0
0.0
0.000563
0.001126
0.08582
0.246317
0.421805
0.544341
0.645927
0.6955
0.686515
0.633657
0.508305
0.366038
0.178913
0.031203
0.0
0.0
0.0
0.0
0.0
0.0
0.0
0.0
0.0
0.0
0.000786
0.001572
0.087087
0.255959
0.427177
0.550488
0.655734
0.701389
0.700474
0.647992
0.532001
0.368149
0.179054
0.029748
0.0
0.0
0.0
0.0
0.0
0.0
0.0
0.0
0.0
0.0
0.00054
0.001079
0.071392
0.218727
0.358132
0.502956
0.599639
0.642549
0.640085
0.587416
0.457301
0.205682
0.036482
0.009478
0.000985
0.0
0.0
0.0
0.0
0.0
0.0
0.0
0.0
0.0
0.0
0.0
0.018698
0.066629
0.225343
0.115428
0.182831
0.172907
0.130584
0.238223
0.221589
0.10175
0.099733
0.020411
0.000845
0.0
0.0
0.0
0.0
0.0
0.0
0.0
0.0
0.0
0.000856
0.001713
0.072119
0.240123
0.35724
0.537115
0.638302
0.683793
0.680438
0.624015
0.502463
0.335726
0.162936
0.03125
0.0
0.0
0.0
0.0
0.0
0.0
0.0
0.0
0.0
0.0
0.001361
0.002721
0.088284
0.256311
0.42042
0.544928
0.446579
0.629106
0.509384
0.512997
0.445477
0.291338
0.143839
0.035496
0.0
0.0
0.0
0.0
0.0
0.0
0.0
0.0
0.0
0.0
0.001607
0.003214
0.069257
0.229143
0.224873
0.44109
0.665822
0.69909
0.704298
0.638959
0.462767
0.217131
0.189611
0.031672
0.0
0.0
0.0
0.0
0.0
0.0
0.0
0.0
0.0
0.0
0.000633
0.001267
0.061421
0.075521
0.336852
0.250375
0.01966
0.23041
0.620988
0.438931
0.242
0.242305
0.082864
0.008939
0.0
0.0
0.0
0.0
0.0
0.0
0.0
0.0
0.0
0.0
0.0
0.001337
0.039274
0.104847
0.114114
0.188133
0.447682
0.562617
0.29345
0.332371
0.406977
0.266
0.049596
0.019496
0.0
0.0
0.0
0.0
0.0
0.0
0.0
0.0
0.0
0.0
0.0
0.0
0.005748
0.029702
0.030546
0.02996
0.040564
0.101375
0.094477
0.094923
0.056001
0.043332
0.019613
0.005114
0.0
0.0
0.0
0.000985
0.0
0.0
0.0
0.0
0.0
0.0
0.0
0.00176
0.015461
0.107756
0.268206
0.293192
0.495331
0.432925
0.514123
0.526229
0.402332
0.431799
0.214973
0.039977
0.0
0.0
0.0
0.0
0.0
0.0
0.0
0.0
0.0
0.0
0.004129
0.008258
0.117797
0.264616
0.469782
0.542793
0.627745
0.589152
0.659535
0.478041
0.149399
0.010393
0.002487
0.001642
0.0
0.0
0.0
0.0
0.0
0.0
0.0
0.0
0.0
0.0
0.0
0.00556
0.038875
0.194843
0.256334
0.349615
0.493431
0.646913
0.587439
0.606208
0.396091
0.312993
0.159628
0.062078
0.0
0.0
0.0
0.0
0.0
0.0
0.0
0.0
0.0
0.0
0.008035
0.016071
0.152355
0.346636
0.531743
0.644684
0.746457
0.801708
0.793544
0.740709
0.560013
0.435084
0.229824
0.054195
0.0
0.0
0.0
0.0
0.0
0.0
0.0
0.0
0.0
0.0
0.009079
0.018159
0.136871
0.318999
0.505936
0.526886
0.727571
0.683652
0.73034
0.634361
0.600648
0.343023
0.188298
0.061773
0.0
0.0
0.0
0.0
0.0
0.0
0.0
0.0
0.0
0.0
0.003097
0.006194
0.111721
0.280804
0.470275
0.600272
0.728815
0.637364
0.691512
0.60853
0.475812
0.309333
0.163734
0.053022
0.0
0.0
0.0
0.0
0.0
0.0
0.0
0.0
0.0
0.0
0.0
0.013819
0.027637
0.010112
0.017713
0.029655
0.12263
0.138349
0.059169
0.059966
0.06189
0.071603
0.02935
0.021209
0.0
0.0
0.0
0.0
0.0
0.0
0.0
0.000845
0.0
0.0
0.0
0.008094
0.138584
0.332489
0.526065
0.632296
0.657892
0.645411
0.509642
0.54298
0.491554
0.171664
0.127557
0.059872
0.001548
0.0
0.0
0.0
0.0
0.0
0.0
0.0
0.0
0.0
0.006874
0.013748
0.14825
0.34253
0.532259
0.657775
0.62507
0.636332
0.784628
0.682034
0.464034
0.253543
0.227384
0.033103
0.001736
0.0
0.0
0.0
0.0
0.0
0.0
0.0
0.0
0.0
0.0021
0.0042
0.058371
0.151745
0.185389
0.383211
0.189963
0.081034
0.128144
0.171734
0.101938
0.158103
0.15449
0.05016
0.0
0.001408
0.0
0.0
0.0
0.0
0.0
0.0
0.0
0.0
0.0
0.009431
0.068999
0.172743
0.292183
0.241226
0.123897
0.212791
0.105997
0.019707
0.10236
0.131804
0.032376
0.013772
0.001806
0.001032
0.0
0.0
0.0
0.0
0.0
0.0
0.0
0.0
0.0
0.001455
0.001243
0.003613
0.033573
0.260182
0.511332
0.164884
0.39025
0.586289
0.491249
0.229659
0.187359
0.04535
0.002018
0.0
0.0
0.0
0.0
0.0
0.0
0.0
0.0
0.0
0.0
0.0
0.002158
0.002604
0.006569
0.004364
0.078876
0.271584
0.361909
0.553022
0.381123
0.297931
0.185647
0.051731
0.002205
0.002018
0.000868
0.0
0.0
0.0
0.001197
0.0019
0.0
0.0
0.0
0.002135
0.013021
0.00854
0.023391
0.046969
0.040587
0.048846
0.072588
0.050277
0.02386
0.040681
0.03064
0.010581
0.002135
0.001103
0.0
0.0
0.000892
0.0
0.0
0.0
0.0
0.0
0.0
0.00739
0.034018
0.177553
0.20228
0.282071
0.404819
0.377018
0.60114
0.661623
0.508329
0.29101
0.194562
0.06684
0.0
0.0
0.0
0.0
0.0
0.0
0.0
0.0
0.0
0.0
0.01661
0.033221
0.190409
0.398602
0.571697
0.710492
0.820477
0.845697
0.836289
0.759009
0.641493
0.470674
0.263748
0.073409
0.0
0.0
0.0
0.0
0.0
0.0
0.0
0.0
0.0
0.0
0.018088
0.036177
0.194022
0.393464
0.568271
0.695805
0.791197
0.766563
0.529537
0.655358
0.595533
0.413171
0.218117
0.04352
0.001032
0.0
0.0
0.0
0.0
0.0
0.0
0.0
0.0
0.0
0.012563
0.025127
0.164485
0.349169
0.436233
0.593046
0.690362
0.770528
0.746223
0.591122
0.403716
0.314752
0.127252
0.050019
0.0
0.0
0.0
0.0
0.0
0.0
0.0
0.0
0.0
0.0
0.007625
0.01525
0.090794
0.186632
0.26891
0.222293
0.244792
0.32667
0.660285
0.687828
0.556916
0.291784
0.164203
0.026464
0.001689
0.0
0.0
0.0
0.0
0.0
0.0
0.001947
0.003895
0.0
0.0
0.0
0.016423
0.025854
0.062547
0.131006
0.198057
0.372654
0.667816
0.475483
0.488762
0.492539
0.223818
0.038077
0.001455
0.0
0.0
0.0
0.0
0.0
0.0
0.0
0.0
0.0
0.020094
0.040189
0.189823
0.384549
0.55389
0.704017
0.822776
0.799268
0.838565
0.755748
0.635675
0.473208
0.27691
0.07423
0.0
0.0
0.0
0.0
0.0
0.0
0.0
0.0
0.0
0.0
0.001208
0.002416
0.004997
0.009361
0.031649
0.01776
0.013349
0.033033
0.105762
0.09429
0.085163
0.092061
0.066136
0.052201
0.00237
0.0
0.0
0.0
0.0
0.0
0.0
0.000845
0.0
0.0
0.014898
0.029795
0.225202
0.425582
0.578805
0.728158
0.85412
0.888115
0.873264
0.793614
0.66113
0.502416
0.289438
0.0888
0.001103
0.0
0.0
0.0
0.0
0.0
0.0
0.0
0.0
0.0
0.027238
0.054476
0.220556
0.430251
0.59429
0.735313
0.844571
0.886543
0.839222
0.792863
0.660332
0.490193
0.279232
0.084272
0.0
0.0
0.0
0.0
0.0
0.0
0.0
0.0
0.0
0.0
0.023015
0.04603
0.202069
0.4032
0.580964
0.707325
0.800206
0.833544
0.835609
0.757132
0.635862
0.467507
0.257062
0.075263
0.0
0.0
0.0
0.0
0.0
0.0
0.0
0.0
0.0
0.0
0.0
0.005701
0.050934
0.096002
0.19116
0.167769
0.190878
0.225788
0.288992
0.333896
0.304406
0.130232
0.096823
0.022921
0.001384
0.0
0.0
0.0
0.0
0.0
0.0
0.0
0.0
0.0
0.013607
0.027215
0.136566
0.268534
0.37012
0.549855
0.644191
0.759994
0.693459
0.47675
0.291338
0.179523
0.091639
0.026534
0.001243
0.0
0.0
0.0
0.0
0.0
0.0
0.0
0.0
0.0
0.010182
0.020364
0.115921
0.299784
0.46929
0.626314
0.633469
0.371528
0.191395
0.157493
0.306588
0.328219
0.092647
0.052412
0.002862
0.0
0.0
0.0
0.0
0.0
0.0
0.0
0.0
0.0
0.0
0.007508
0.116671
0.281907
0.531602
0.683629
0.857498
0.88612
0.585961
0.425746
0.410825
0.327163
0.252862
0.095791
0.0
0.0
0.0
0.0
0.0
0.0
0.0
0.0
0.0
0.0
0.029455
0.05891
0.208709
0.39832
0.573597
0.713894
0.811726
0.846753
0.694444
0.319186
0.060717
0.009244
0.013936
0.010206
0.001173
0.0
0.0
0.0
0.0
0.0
0.0
0.0
0.0
0.0
0.013502
0.027004
0.162373
0.376806
0.570383
0.385909
0.3407
0.438392
0.221542
0.181025
0.443952
0.461313
0.219055
0.082254
0.002792
0.0
0.0
0.0
0.0
0.0
0.0
0.0
0.0
0.0
0.032822
0.065644
0.238692
0.430204
0.600249
0.750047
0.862401
0.90808
0.895481
0.816981
0.684849
0.503073
0.295608
0.100272
0.002721
0.0
0.0
0.0
0.0
0.0
0.0
0.0
0.0
0.0
0.035285
0.070571
0.234657
0.431963
0.608648
0.744088
0.84985
0.898297
0.886144
0.798799
0.67028
0.498264
0.295866
0.098794
0.002909
0.0
0.0
0.0
0.0
0.0
0.0
0.0
0.0
0.0
0.031649
0.063298
0.22675
0.42218
0.600882
0.738199
0.843515
0.901722
0.879528
0.77881
0.629481
0.451858
0.24878
0.100014
0.001056
0.0
0.0
0.0
0.0
0.000903
0.001806
0.000985
0.0
0.0
0.0
0.003214
0.009713
0.023836
0.038265
0.042652
0.073175
0.138865
0.13781
0.100788
0.077867
0.173799
0.084037
0.024704
0.001619
0.0
0.0
0.0
0.0
0.0
0.0
0.0
0.0
0.0
0.0
0.00129
0.004645
0.040564
0.168332
0.295256
0.477337
0.622701
0.347785
0.199371
0.292675
0.451084
0.21136
0.094125
0.005654
0.0
0.0
0.0
0.0
0.0
0.0
0.0
0.0
0.0
0.037303
0.074606
0.238645
0.44177
0.622232
0.723395
0.774399
0.900784
0.887317
0.80389
0.671218
0.501243
0.298423
0.104026
0.004458
0.0
0.0
0.0
0.0
0.0
0.0
0.0
0.0
0.0
0.035825
0.07165
0.23536
0.439283
0.610407
0.754598
0.808207
0.895223
0.880724
0.803256
0.671805
0.502205
0.301544
0.104941
0.004903
0.0
0.0
0.0
0.0
0.0
0.0
0.0
0.0
0.0
0.033502
0.067005
0.230527
0.439846
0.551333
0.693694
0.711806
0.654819
0.91906
0.801028
0.655476
0.393722
0.14459
0.038148
0.001032
0.001642
0.0
0.0
0.0
0.0
0.0
0.0
0.0
0.0
0.029268
0.058535
0.16608
0.408315
0.25054
0.609727
0.600601
0.427506
0.082442
0.359633
0.414156
0.462111
0.194703
0.078946
0.004364
0.0
0.0
0.0
0.0
0.0
0.0
0.0
0.0
0.0
0.027238
0.054476
0.152731
0.24078
0.311608
0.657916
0.737401
0.412514
0.848724
0.300582
0.273203
0.291104
0.087908
0.028505
0.003871
0.0
0.0
0.0
0.0
0.0
0.0
0.0
0.0
0.0
0.0
0.002463
0.01403
0.051356
0.073691
0.202069
0.251994
0.30077
0.406485
0.624484
0.673447
0.509877
0.309145
0.110947
0.006076
0.0
0.0
0.0
0.0
0.0
0.0
0.0
0.0
0.0
0.040435
0.08087
0.246528
0.445266
0.61022
0.751806
0.768112
0.719759
0.716334
0.70397
0.689963
0.511754
0.313884
0.117422
0.007742
0.0
0.0
0.0
0.0
0.0
0.0
0.0
0.0
0.0
0.0
0.090137
0.262857
0.472996
0.619346
0.774892
0.893088
0.938814
0.924761
0.834037
0.702187
0.532775
0.327445
0.124155
0.008821
0.0
0.0
0.0
0.0
0.0
0.0
0.0
0.0
0.0
0.0
0.088096
0.253965
0.460797
0.620777
0.780992
0.887786
0.925605
0.918942
0.829228
0.700943
0.526112
0.320594
0.121199
0.007601
0.0
0.0
0.0
0.0
0.0
0.0
0.0
0.0
0.0
0.0
0.090489
0.253472
0.452538
0.626713
0.769261
0.865803
0.912303
0.899564
0.812078
0.683019
0.511144
0.309262
0.114536
0.006944
0.0
0.0
0.0
0.0
0.0
0.0
0.0
0.0
0.0
0.0
0.081879
0.244979
0.438532
0.606865
0.760112
0.869064
0.91045
0.901323
0.815315
0.685271
0.514053
0.313697
0.117938
0.007226
0.0
0.0
0.0
0.0
0.0
0.0
0.0
0.0
0.0
0.0
0.039672
0.180297
0.25054
0.45214
0.499343
0.630068
0.107076
0.035543
0.08216
0.204368
0.06928
0.050558
0.015226
0.001572
0.0
0.0
0.0
0.0
0.0
0.0
0.0
0.0
0.0
0.001431
0.035379
0.145505
0.247513
0.391141
0.535098
0.394918
0.246786
0.222621
0.277121
0.512692
0.248569
0.17828
0.014241
0.0
0.0
0.001548
0.0
0.0
0.0
0.0
0.0
0.0
0.0
0.0
0.026323
0.085726
0.234281
0.354542
0.707043
0.815785
0.855527
0.842108
0.798423
0.593914
0.559497
0.321063
0.120449
0.010135
0.0
0.0
0.0
0.0
0.0
0.0
0.0
0.0
0.000563
0.001126
0.097293
0.270364
0.463847
0.60351
0.791385
0.903834
0.947565
0.852548
0.846823
0.708099
0.541854
0.338565
0.132742
0.01112
0.0
0.0
0.0
0.0
0.0
0.0
0.0
0.0
0.000516
0.001032
0.096425
0.263654
0.462251
0.622091
0.783479
0.890907
0.945172
0.931541
0.842976
0.697119
0.528247
0.330917
0.132554
0.011754
0.0
0.0
0.0
0.0
0.0
0.0
0.0
0.0
0.0
0.0
0.079275
0.239912
0.436045
0.597128
0.752393
0.695453
0.474944
0.624554
0.38056
0.449207
0.131827
0.114091
0.043145
0.005232
0.0
0.0
0.0
0.0
0.0
0.0
0.0
0.0
0.0
0.0
0.043802
0.256569
0.46441
0.622818
0.799948
0.900244
0.954978
0.941465
0.863082
0.717765
0.553233
0.351703
0.144027
0.014311
0.0
0.0
0.0
0.0
0.0
0.0
0.0
0.0
0.000833
0.001666
0.098348
0.264663
0.470721
0.628191
0.792511
0.894825
0.947072
0.9314
0.847105
0.714222
0.546171
0.348395
0.139194
0.013068
0.0
0.0
0.0
0.0
0.0
0.0
0.0
0.0
0.000868
0.001736
0.100389
0.268839
0.455706
0.607428
0.767103
0.872889
0.935271
0.915658
0.830002
0.691958
0.527731
0.33338
0.134736
0.012012
0.0
0.0
0.0
0.0
0.0
0.0
0.0
0.0
0.0
0.0
0.070735
0.095392
0.11768
0.076342
0.032212
0.043544
0.059732
0.064213
0.065667
0.091287
0.094032
0.122232
0.022828
0.00312
0.001525
0.001595
0.001689
0.001431
0.001009
0.0
0.0
0.0
0.0
0.001032
0.021537
0.047438
0.09802
0.163453
0.15381
0.309333
0.37568
0.481935
0.470486
0.688532
0.53301
0.396514
0.163054
0.015226
0.0
0.0
0.0
0.0
0.0
0.0
0.0
0.0
0.001091
0.002182
0.102947
0.275807
0.452538
0.577022
0.727923
0.888443
0.93513
0.902238
0.792253
0.701811
0.543942
0.352454
0.152168
0.018558
0.0
0.0
0.0
0.0
0.0
0.0
0.0
0.0
0.000692
0.001384
0.098419
0.266563
0.455236
0.604472
0.767267
0.879129
0.930321
0.924831
0.839081
0.696626
0.537162
0.344501
0.141915
0.01654
0.0
0.0
0.0
0.0
0.0
0.0
0.0
0.0
0.000692
0.001384
0.089386
0.254223
0.458216
0.604847
0.764241
0.873803
0.919224
0.781602
0.843093
0.681611
0.487965
0.275385
0.081339
0.009478
0.0
0.0
0.0
0.0
0.0
0.0
0.0
0.0
0.000633
0.001267
0.078078
0.243384
0.445829
0.601727
0.731818
0.866202
0.914367
0.915353
0.832981
0.677951
0.526816
0.224216
0.027801
0.005232
0.001197
0.0
0.0
0.0
0.0
0.0
0.0
0.0
0.000657
0.001314
0.080893
0.247091
0.438908
0.571603
0.746786
0.839316
0.756405
0.987941
0.421148
0.60656
0.262387
0.174456
0.070571
0.011801
0.0
0.0
0.0
0.0
0.0
0.0
0.0
0.0
0.00061
0.00122
0.075005
0.25
0.422485
0.565831
0.748053
0.72065
0.394965
0.806729
0.345556
0.353557
0.13056
0.082559
0.045327
0.008282
0.0
0.0
0.0
0.0
0.0
0.0
0.0
0.0
0.0
0.0
0.02508
0.057292
0.194398
0.326201
0.541338
0.613105
0.827374
0.836008
0.826319
0.377792
0.02874
0.014569
0.019871
0.006194
0.0
0.0
0.0
0.0
0.0
0.0
0.0
0.0
0.0
0.0
0.062172
0.225413
0.32843
0.316254
0.742047
0.538429
0.50366
0.847457
0.639123
0.642478
0.565738
0.353557
0.147476
0.019097
0.0
0.0
0.0
0.0
0.0
0.0
0.0
0.0
0.00095
0.0019
0.091287
0.227595
0.44238
0.603674
0.72004
0.817638
0.822635
0.785356
0.780781
0.688626
0.538101
0.35053
0.132695
0.0141
0.0
0.0
0.0
0.0
0.0
0.0
0.0
0.0
0.0
0.0
0.038288
0.141352
0.217389
0.38422
0.580049
0.62561
0.785356
0.754505
0.758399
0.467882
0.228158
0.341146
0.154373
0.015367
0.0
0.0
0.0
0.0
0.0
0.0
0.0
0.0
0.0
0.0
0.06928
0.250375
0.325826
0.384126
0.641329
0.674714
0.652262
0.709154
0.693905
0.743666
0.511519
0.367727
0.165189
0.026839
0.0
0.0
0.0
0.0
0.0
0.0
0.0
0.0
0.00068
0.001361
0.086946
0.249367
0.438509
0.574535
0.62568
0.771772
0.913969
0.858648
0.86463
0.622349
0.545843
0.259525
0.154748
0.026558
0.0
0.0
0.0
0.0
0.0
0.0
0.0
0.0
0.000774
0.001548
0.094947
0.246669
0.417863
0.579978
0.752675
0.877158
0.926872
0.922297
0.815878
0.709389
0.523438
0.329087
0.124038
0.036294
0.0
0.0
0.0
0.0
0.0
0.0
0.0
0.0
0.000774
0.001548
0.085539
0.247513
0.437078
0.57226
0.721354
0.848911
0.848231
0.685811
0.685084
0.601117
0.528951
0.368947
0.169998
0.030241
0.0
0.0
0.0
0.0
0.0
0.0
0.0
0.0
0.000528
0.001056
0.088096
0.251666
0.42408
0.614982
0.755208
0.875258
0.927623
0.889428
0.850296
0.735126
0.579791
0.384337
0.180086
0.031156
0.0
0.0
0.0
0.0
0.0
0.0
0.0
0.0
0.00068
0.001361
0.095322
0.254528
0.462204
0.625328
0.768159
0.887575
0.931494
0.916033
0.850249
0.720533
0.557808
0.369158
0.168004
0.026417
0.0
0.0
0.0
0.0
0.0
0.0
0.0
0.0
0.000481
0.000962
0.071368
0.239231
0.429688
0.585961
0.734305
0.828618
0.854753
0.643839
0.709718
0.759736
0.48041
0.244229
0.170491
0.020481
0.010241
0.0
0.0
0.0
0.0
0.0
0.0
0.0
0.00054
0.001079
0.051121
0.128472
0.327445
0.34138
0.457395
0.481231
0.665142
0.61951
0.159722
0.068999
0.061562
0.035051
0.070922
0.024493
0.0
0.0
0.0
0.0
0.0
0.0
0.0
0.0
0.0
0.0
0.07972
0.15388
0.367141
0.570571
0.664884
0.878636
0.902379
0.896983
0.831503
0.728557
0.560295
0.37378
0.180602
0.032048
0.0
0.0
0.0
0.0
0.0
0.0
0.0
0.0
0.0
0.0
0.084037
0.242234
0.430368
0.575873
0.725554
0.829791
0.819562
0.798236
0.754059
0.65374
0.554312
0.362026
0.161646
0.012552
0.0
0.0
0.0
0.0
0.0
0.0
0.0
0.0
0.0
0.0
0.07416
0.231325
0.272593
0.357615
0.468844
0.483742
0.057057
0.081151
0.07172
0.281555
0.324066
0.271819
0.146819
0.026276
0.0
0.0
0.0
0.0
0.0
0.0
0.0
0.0
0.0
0.001079
0.020998
0.104636
0.338729
0.457465
0.579744
0.70716
0.905593
0.889452
0.785895
0.688063
0.57348
0.370003
0.183277
0.034769
0.017385
0.0
0.000868
0.0
0.0
0.0
0.0
0.0
0.000704
0.001408
0.081715
0.235525
0.423799
0.57653
0.731208
0.853744
0.820852
0.799761
0.58704
0.719501
0.554946
0.325568
0.100859
0.017525
0.003425
0.0
0.0
0.0
0.0
0.0
0.0
0.0
0.0
0.009889
0.019778
0.069327
0.140484
0.258
0.180274
0.043145
0.016587
0.021514
0.070383
0.158854
0.122748
0.12439
0.088987
0.013983
0.0
0.0
0.0
0.0
0.0
0.0
0.0
0.0
0.0
0.0
0.077961
0.234633
0.428538
0.530663
0.690151
0.763865
0.671054
0.73339
0.706011
0.536247
0.551426
0.383469
0.186303
0.026136
0.0
0.0
0.0
0.0
0.0
0.0
0.0
0.0
0.0
0.0
0.066817
0.197823
0.476961
0.605105
0.74505
0.805907
0.823761
0.820242
0.691512
0.64452
0.422321
0.283056
0.122302
0.020951
0.0
0.0
0.0
0.0
0.0
0.0
0.0
0.0
0.0
0.005009
0.010018
0.050535
0.164766
0.297508
0.359469
0.624789
0.403646
0.221917
0.160872
0.106865
0.036904
0.010252
0.00556
0.002229
0.000938
0.001056
0.001032
0.0
0.001056
0.001056
0.0
0.0
0.0
0.001009
0.023156
0.045303
0.190292
0.259854
0.415775
0.323011
0.315597
0.376079
0.578219
0.614325
0.572401
0.382296
0.196791
0.039297
0.0
0.0
0.0
0.0
0.0
0.0
0.0
0.0
0.0
0.039543
0.079087
0.24451
0.444656
0.618126
0.76044
0.881217
0.948879
0.951319
0.863363
0.749273
0.59565
0.405617
0.19984
0.043379
0.0
0.0
0.0
0.0
0.0
0.0
0.0
0.0
0.0
0.0
0.059685
0.138021
0.32599
0.424315
0.52813
0.673752
0.477219
0.746176
0.719829
0.75122
0.266986
0.188697
0.007953
0.003636
0.0
0.0
0.0
0.0
0.0
0.0
0.0
0.0
0.0
0.0
0.039227
0.129481
0.294459
0.374343
0.642877
0.576717
0.548588
0.553491
0.578923
0.598114
0.525854
0.205096
0.044552
0.020106
0.0
0.0
0.0
0.0
0.0
0.0
0.0
0.0
0.0
0.035614
0.071227
0.225765
0.411482
0.572846
0.717436
0.846941
0.987214
0.862566
0.685905
0.331832
0.597199
0.211923
0.075028
0.011261
0.001032
0.0
0.0
0.0
0.0
0.0
0.0
0.0
0.0
0.008223
0.016446
0.087509
0.209624
0.393182
0.457231
0.521326
0.746317
0.837721
0.772264
0.625469
0.597996
0.164414
0.076717
0.018581
0.000845
0.0
0.0
0.0
0.0
0.0
0.0
0.0
0.0
0.026875
0.053749
0.228744
0.415001
0.500164
0.670678
0.827351
0.73827
0.675558
0.839855
0.738176
0.473606
0.408197
0.176872
0.034136
0.0
0.0
0.0
0.0
0.0
0.0
0.0
0.0
0.0
0.036623
0.073245
0.226961
0.413241
0.495355
0.679805
0.720791
0.759713
0.913969
0.638865
0.728862
0.587533
0.405875
0.20397
0.038969
0.0
0.0
0.0
0.0
""
