0.598945
0.572559
0.580475
0.556728
0.572559
0.593668
0.630607
0.69657
0.744063
0.775726
0.804749
0.817942
0.775726
0.82058
0.831135
0.788918
0.804749
0.751979
0.717678
0.699208
0.670185
0.672823
0.6781
0.659631
0.649077
0.662269
0.651715
0.641161
0.638522
0.635884
0.680739
0.762533
0.825858
0.846966
0.849604
0.873351
0.891821
0.897098
0.899736
0.873351
0.709763
0.646438
0.641161
0.659631
0.654354
0.654354
0.643799
0.627968
0.627968
0.620053
0.609499
0.609499
0.612137
0.630607
0.699208
0.762533
0.794195
0.823219
0.83905
0.881266
0.886544
0.878628
0.891821
0.891821
0.891821
0.883905
0.817942
0.757256
0.736148
0.701847
0.627968
0.614776
0.612137
0.601583
0.593668
0.596306
0.614776
0.656992
0.736148
0.781003
0.825858
0.849604
0.860158
0.886544
0.878628
0.738786
0.622691
0.62533
0.630607
0.654354
0.633245
0.622691
0.62533
0.627968
0.633245
0.635884
0.633245
0.60686
0.601583
0.620053
0.627968
0.651715
0.662269
0.598945
0.601583
0.609499
0.656992
0.651715
0.651715
0.670185
0.680739
0.683377
0.633245
0.638522
0.654354
0.630607
0.620053
0.630607
0.622691
0.609499
0.593668
0.593668
0.593668
0.598945
0.604222
0.609499
0.612137
0.638522
0.670185
0.683377
0.693931
0.709763
0.704485
0.662269
0.686016
0.725594
0.701847
0.664908
0.643799
0.617414
0.617414
0.604222
0.596306
0.593668
0.588391
0.588391
0.588391
0.593668
0.591029
0.601583
0.646438
0.693931
0.709763
0.76781
0.796834
0.791557
0.817942
0.765172
0.770449
0.773087
0.725594
0.71504
0.701847
0.6781
0.6781
0.659631
0.662269
0.659631
0.656992
0.654354
0.659631
0.641161
0.638522
0.656992
0.701847
0.717678
0.722955
0.759894
0.804749
0.804749
0.807388
0.730871
0.662269
0.680739
0.730871
0.722955
0.707124
0.691293
0.686016
0.680739
0.664908
0.667546
0.662269
0.670185
0.686016
0.591029
0.585752
0.593668
0.633245
0.699208
0.781003
0.746702
0.622691
0.593668
0.617414
0.693931
0.773087
0.828496
0.796834
0.778364
0.738786
0.701847
0.662269
0.664908
0.659631
0.649077
0.651715
0.646438
0.646438
0.614776
0.588391
0.577836
0.577836
0.583113
0.593668
0.620053
0.654354
0.656992
0.633245
0.638522
0.664908
0.672823
0.670185
0.662269
0.633245
0.635884
0.588391
0.598945
0.614776
0.598945
0.604222
0.598945
0.593668
0.598945
0.598945
0.614776
0.627968
0.670185
0.69657
0.759894
0.762533
0.775726
0.815303
0.849604
0.796834
0.794195
0.775726
0.759894
0.709763
0.691293
0.651715
0.622691
0.620053
0.601583
0.583113
0.575198
0.559367
0.562005
0.55409
0.577836
0.612137
0.651715
0.704485
0.759894
0.791557
0.823219
0.846966
0.849604
0.868074
0.862797
0.836412
0.796834
0.725594
0.691293
0.659631
0.635884
0.614776
0.598945
0.591029
0.572559
0.564644
0.559367
0.559367
0.593668
0.672823
0.71504
0.757256
0.794195
0.823219
0.844327
0.875989
0.891821
0.889182
0.870712
0.875989
0.862797
0.817942
0.781003
0.74934
0.71504
0.672823
0.709763
0.680739
0.659631
0.643799
0.643799
0.627968
0.662269
0.720317
0.754617
0.828496
0.852243
0.875989
0.854881
0.836412
0.828496
0.825858
0.783641
0.686016
0.667546
0.662269
0.635884
0.622691
0.596306
0.60686
0.62533
0.627968
0.609499
0.593668
0.580475
0.575198
0.601583
0.662269
0.71504
0.770449
0.83905
0.870712
0.915567
0.907652
0.902375
0.907652
0.899736
0.794195
0.701847
0.6781
0.672823
0.664908
0.646438
0.635884
0.646438
0.659631
0.656992
0.651715
0.651715
0.659631
0.662269
0.662269
0.662269
0.620053
0.60686
0.598945
0.580475
0.588391
0.596306
0.601583
0.612137
0.662269
0.709763
0.622691
0.598945
0.591029
0.614776
0.62533
0.591029
0.572559
0.567282
0.564644
0.551451
0.546174
0.551451
0.591029
0.649077
0.659631
0.6781
0.701847
0.722955
0.725594
0.717678
0.728232
0.74934
0.741425
0.704485
0.667546
0.654354
0.638522
0.643799
0.630607
0.601583
0.62533
0.60686
0.60686
0.601583
0.580475
0.569921
0.62533
0.691293
0.741425
0.76781
0.751979
0.788918
0.812665
0.83905
0.854881
0.825858
0.799472
0.762533
0.688654
0.659631
0.649077
0.641161
0.612137
0.627968
0.609499
0.588391
0.575198
0.562005
0.551451
0.556728
0.598945
0.641161
0.69657
0.746702
0.781003
0.802111
0.807388
0.823219
0.823219
0.815303
0.78628
0.74934
0.69657
0.643799
0.62533
0.604222
0.588391
0.562005
0.559367
0.55409
0.543536
0.543536
0.538259
0.551451
0.596306
0.656992
0.71504
0.757256
0.794195
0.82058
0.82058
0.799472
0.860158
0.831135
0.823219
0.794195
0.730871
0.693931
0.662269
0.622691
0.580475
0.580475
0.559367
0.540897
0.525066
0.519789
0.506596
0.530343
0.583113
0.630607
0.688654
0.741425
0.775726
0.807388
0.817942
0.817942
0.825858
0.815303
0.796834
0.773087
0.707124
0.675462
0.641161
0.622691
0.598945
0.580475
0.559367
0.562005
0.551451
0.532982
0.525066
0.543536
0.609499
0.672823
0.733509
0.770449
0.810026
0.836412
0.82058
0.825858
0.854881
0.833773
0.788918
0.773087
0.707124
0.6781
0.656992
0.646438
0.638522
0.614776
0.585752
0.580475
0.559367
0.540897
0.548813
0.546174
0.593668
0.667546
0.736148
0.788918
0.759894
0.807388
0.823219
0.846966
0.810026
0.833773
0.810026
0.762533
0.722955
0.699208
0.656992
0.643799
0.617414
0.617414
0.604222
0.601583
0.596306
0.596306
0.591029
0.604222
0.662269
0.707124
0.773087
0.807388
0.833773
0.828496
0.852243
0.868074
0.825858
0.704485
0.664908
0.612137
0.591029
0.580475
0.572559
0.572559
0.572559
0.572559
0.580475
0.575198
0.572559
0.572559
0.567282
0.559367
0.585752
0.614776
0.654354
0.675462
0.717678
0.751979
0.775726
0.74934
0.783641
0.770449
0.577836
0.60686
0.519789
0.514512
0.501319
0.498681
0.474934
0.453826
0.451187
0.46438
0.453826
0.461741
0.456464
0.501319
0.525066
0.53562
0.562005
0.580475
0.630607
0.633245
0.646438
0.651715
0.670185
0.672823
0.662269
0.630607
0.546174
0.501319
0.474934
0.467018
0.46438
0.44591
0.44591
0.461741
0.456464
0.435356
0.430079
0.432718
0.509235
0.556728
0.588391
0.635884
0.635884
0.654354
0.6781
0.69657
0.71504
0.6781
0.664908
0.649077
0.559367
0.53562
0.525066
0.509235
0.488127
0.490765
0.453826
0.437995
0.435356
0.451187
0.44591
0.456464
0.540897
0.577836
0.638522
0.701847
0.736148
0.781003
0.799472
0.807388
0.778364
0.807388
0.791557
0.751979
0.683377
0.633245
0.638522
0.627968
0.617414
0.604222
0.591029
0.575198
0.567282
0.567282
0.562005
0.559367
0.580475
0.646438
0.717678
0.746702
0.773087
0.82058
0.817942
0.833773
0.781003
0.646438
0.712401
0.704485
0.675462
0.646438
0.630607
0.62533
0.617414
0.609499
0.596306
0.593668
0.593668
0.588391
0.593668
0.60686
0.627968
0.649077
0.688654
0.722955
0.741425
0.751979
0.765172
0.633245
0.693931
0.717678
0.751979
0.699208
0.670185
0.654354
0.638522
0.638522
0.638522
0.609499
0.612137
0.604222
0.593668
0.593668
0.585752
0.575198
0.62533
0.651715
0.709763
0.773087
0.794195
0.807388
0.817942
0.810026
0.788918
0.728232
0.730871
0.71504
0.670185
0.643799
0.641161
0.612137
0.62533
0.620053
0.617414
0.614776
0.60686
0.601583
0.598945
0.593668
0.609499
0.643799
0.686016
0.736148
0.728232
0.78628
0.617414
0.630607
0.717678
0.730871
0.730871
0.675462
0.614776
0.612137
0.614776
0.591029
0.580475
0.564644
0.556728
0.562005
0.559367
0.567282
0.564644
0.583113
0.612137
0.635884
0.638522
0.656992
0.675462
0.730871
0.722955
0.725594
0.744063
0.746702
0.765172
0.74934
0.680739
0.6781
0.641161
0.633245
0.596306
0.596306
0.585752
0.591029
0.585752
0.583113
0.577836
0.583113
0.643799
0.691293
0.733509
0.74934
0.791557
0.783641
0.812665
0.828496
0.82058
0.812665
0.828496
0.815303
0.744063
0.693931
0.662269
0.649077
0.633245
0.630607
0.601583
0.604222
0.591029
0.617414
0.60686
0.60686
0.672823
0.738786
0.788918
0.828496
0.865435
0.907652
0.902375
0.923483
0.907652
0.915567
0.878628
0.846966
0.762533
0.74934
0.709763
0.720317
0.672823
0.622691
0.630607
0.643799
0.538259
0.55409
0.575198
0.585752
0.598945
0.620053
0.630607
0.646438
0.664908
0.664908
0.675462
0.664908
0.672823
0.670185
0.672823
0.6781
0.62533
0.585752
0.567282
0.569921
0.543536
0.551451
0.509235
0.514512
0.477573
0.503958
0.48285
0.469657
0.490765
0.532982
0.585752
0.60686
0.601583
0.641161
0.656992
0.664908
0.667546
0.667546
0.656992
0.620053
0.540897
0.485488
0.461741
0.493404
0.469657
0.451187
0.456464
0.406332
0.432718
0.411609
0.427441
0.44591
0.498681
0.562005
0.601583
0.627968
0.675462
0.686016
0.707124
0.720317
0.725594
0.730871
0.720317
0.622691
0.575198
0.543536
0.51715
0.522427
0.525066
0.509235
0.485488
0.488127
0.488127
0.490765
0.488127
0.493404
0.527704
0.585752
0.638522
0.69657
0.751979
0.762533
0.812665
0.802111
0.825858
0.804749
0.778364
0.741425
0.680739
0.643799
0.62533
0.614776
0.604222
0.583113
0.588391
0.585752
0.564644
0.55409
0.548813
0.55409
0.60686
0.683377
0.746702
0.794195
0.828496
0.854881
0.883905
0.852243
0.83905
0.796834
0.591029
0.580475
0.572559
0.572559
0.567282
0.580475
0.564644
0.564644
0.548813
0.530343
0.538259
0.53562
0.530343
0.532982
0.567282
0.612137
0.667546
0.667546
0.704485
0.741425
0.74934
0.725594
0.730871
0.717678
0.656992
0.643799
0.62533
0.622691
0.609499
0.614776
0.614776
0.609499
0.60686
0.604222
0.60686
0.60686
0.60686
0.60686
0.620053
0.617414
0.609499
0.60686
0.60686
0.609499
0.627968
0.633245
0.630607
0.635884
0.627968
0.627968
0.617414
0.580475
0.585752
0.585752
0.580475
0.580475
0.575198
0.593668
0.585752
0.591029
0.598945
0.596306
0.601583
0.612137
0.638522
0.683377
0.704485
0.717678
0.722955
0.74934
0.757256
0.71504
0.630607
0.641161
0.635884
0.633245
0.62533
0.614776
0.604222
0.596306
0.601583
0.593668
0.598945
0.604222
0.60686
0.601583
0.638522
0.672823
0.6781
0.683377
0.722955
0.754617
0.770449
0.783641
0.778364
0.78628
0.781003
0.74934
0.688654
0.633245
0.604222
0.614776
0.596306
0.575198
0.577836
0.564644
0.580475
0.569921
0.585752
0.591029
0.596306
0.598945
0.604222
0.641161
0.680739
0.691293
0.712401
0.728232
0.78628
0.791557
0.775726
0.725594
0.699208
0.667546
0.635884
0.627968
0.601583
0.617414
0.638522
0.635884
0.627968
0.635884
0.638522
0.635884
0.683377
0.701847
0.738786
0.759894
0.812665
0.823219
0.846966
0.862797
0.833773
0.825858
0.78628
0.762533
0.725594
0.686016
0.672823
0.662269
0.654354
0.656992
0.664908
0.662269
0.638522
0.62533
0.638522
0.622691
0.691293
0.738786
0.791557
0.836412
0.868074
0.889182
0.783641
0.783641
0.833773
0.825858
0.825858
0.754617
0.725594
0.707124
0.707124
0.672823
0.620053
0.622691
0.622691
0.612137
0.601583
0.593668
0.583113
0.585752
0.633245
0.704485
0.754617
0.683377
0.722955
0.799472
0.831135
0.831135
0.85752
0.823219
0.815303
0.76781
0.704485
0.693931
0.683377
0.675462
0.641161
0.646438
0.630607
0.617414
0.598945
0.598945
0.598945
0.617414
0.680739
0.746702
0.794195
0.831135
0.85752
0.870712
0.875989
0.899736
0.899736
0.905013
0.889182
0.83905
0.773087
0.728232
0.722955
0.704485
0.667546
0.646438
0.649077
0.627968
0.614776
0.633245
0.654354
0.649077
0.712401
0.741425
0.810026
0.836412
0.883905
0.875989
0.894459
0.899736
0.926121
0.920844
0.736148
0.701847
0.688654
0.672823
0.662269
0.670185
0.667546
0.654354
0.641161
0.641161
0.643799
0.643799
0.641161
0.638522
0.662269
0.744063
0.812665
0.846966
0.878628
0.886544
0.899736
0.939314
0.881266
0.868074
0.712401
0.667546
0.643799
0.627968
0.620053
0.635884
0.641161
0.656992
0.643799
0.627968
0.638522
0.654354
0.656992
0.659631
0.680739
0.699208
0.725594
0.754617
0.791557
0.836412
0.852243
0.875989
0.846966
0.807388
0.796834
0.765172
0.709763
0.707124
0.709763
0.693931
0.686016
0.672823
0.662269
0.659631
0.646438
0.633245
0.62533
0.62533
0.664908
0.712401
0.765172
0.812665
0.897098
0.881266
0.889182
0.918206
0.852243
0.635884
0.635884
0.617414
0.598945
0.598945
0.588391
0.591029
0.591029
0.585752
0.588391
0.585752
0.588391
0.588391
0.591029
0.585752
0.601583
0.627968
0.672823
0.720317
0.765172
0.778364
0.82058
0.812665
0.828496
0.812665
0.802111
0.78628
0.720317
0.680739
0.641161
0.643799
0.620053
0.614776
0.601583
0.583113
0.591029
0.580475
0.60686
0.604222
0.614776
0.630607
0.651715
0.701847
0.712401
0.74934
0.773087
0.722955
0.730871
0.778364
0.74934
0.728232
0.651715
0.649077
0.612137
0.614776
0.601583
0.614776
0.617414
0.598945
0.593668
0.577836
0.580475
0.575198
0.614776
0.638522
0.691293
0.741425
0.759894
0.775726
0.817942
0.83905
0.828496
0.817942
0.791557
0.74934
0.699208
0.670185
0.641161
0.633245
0.622691
0.614776
0.614776
0.60686
0.612137
0.598945
0.596306
0.591029
0.633245
0.672823
0.717678
0.754617
0.757256
0.807388
0.831135
0.849604
0.860158
0.833773
0.812665
0.754617
0.709763
0.688654
0.667546
0.649077
0.635884
0.622691
0.612137
0.601583
0.601583
0.596306
0.580475
0.577836
0.609499
0.675462
0.744063
0.775726
0.810026
0.815303
0.82058
0.854881
0.852243
0.841689
0.846966
0.815303
0.738786
0.691293
0.69657
0.686016
0.654354
0.654354
0.643799
0.62533
0.627968
0.609499
0.612137
0.591029
0.670185
0.720317
0.757256
0.817942
0.833773
0.836412
0.849604
0.635884
0.646438
0.641161
0.643799
0.641161
0.596306
0.588391
0.585752
0.585752
0.588391
0.588391
0.591029
0.588391
0.585752
0.588391
0.591029
0.593668
0.601583
0.620053
0.646438
0.664908
0.691293
0.728232
0.76781
0.762533
0.757256
0.773087
0.775726
0.728232
0.643799
0.620053
0.635884
0.630607
0.614776
0.598945
0.583113
0.575198
0.567282
0.564644
0.551451
0.567282
0.591029
0.622691
0.704485
0.762533
0.791557
0.802111
0.807388
0.852243
0.860158
0.852243
0.854881
0.815303
0.754617
0.71504
0.69657
0.6781
0.670185
0.659631
0.667546
0.649077
0.643799
0.641161
0.638522
0.633245
0.6781
0.730871
0.778364
0.810026
0.836412
0.865435
0.817942
0.707124
0.759894
0.773087
0.744063
0.709763
0.683377
0.675462
0.659631
0.659631
0.633245
0.627968
0.620053
0.622691
0.614776
0.617414
0.617414
0.627968
0.627968
0.651715
0.638522
0.638522
0.633245
0.62533
0.630607
0.654354
0.680739
0.6781
0.675462
0.675462
0.649077
0.646438
0.633245
0.62533
0.622691
0.614776
0.617414
0.617414
0.617414
0.620053
0.620053
0.614776
0.622691
0.649077
0.675462
0.709763
0.71504
0.730871
0.736148
0.757256
0.730871
0.775726
0.738786
0.701847
0.659631
0.646438
0.62533
0.612137
0.596306
0.588391
0.591029
0.583113
0.575198
0.567282
0.562005
0.564644
0.609499
0.656992
0.720317
0.751979
0.794195
0.817942
0.852243
0.860158
0.836412
0.836412
0.823219
0.76781
0.69657
0.6781
0.664908
0.654354
0.646438
0.635884
0.620053
0.622691
0.614776
0.588391
0.591029
0.596306
0.638522
0.693931
0.717678
0.720317
0.738786
0.791557
0.802111
0.836412
0.844327
0.836412
0.810026
0.757256
0.71504
0.686016
0.664908
0.659631
0.643799
0.620053
0.617414
0.612137
0.601583
0.593668
0.588391
0.585752
0.609499
0.659631
0.744063
0.831135
0.85752
0.875989
0.886544
0.899736
0.894459
0.897098
0.889182
0.796834
0.754617
0.704485
0.672823
0.662269
0.662269
0.654354
0.654354
0.662269
0.664908
0.659631
0.643799
0.646438
0.693931
0.728232
0.804749
0.823219
0.85752
0.868074
0.902375
0.889182
0.926121
0.889182
0.852243
0.796834
0.74934
0.725594
0.728232
0.754617
0.664908
0.60686
0.593668
0.598945
0.604222
0.601583
0.585752
0.585752
0.588391
0.591029
0.596306
0.601583
0.609499
0.627968
0.630607
0.633245
0.643799
0.646438
0.638522
0.609499
0.598945
0.585752
0.575198
0.575198
0.569921
0.572559
0.580475
0.580475
0.580475
0.572559
0.569921
0.562005
0.569921
0.577836
0.612137
0.683377
0.754617
0.76781
0.773087
0.788918
0.791557
0.796834
0.770449
0.733509
0.693931
0.683377
0.688654
0.670185
0.680739
0.680739
0.6781
0.664908
0.680739
0.6781
0.691293
0.670185
0.622691
0.620053
0.612137
0.585752
0.585752
0.598945
0.591029
0.604222
0.577836
0.596306
0.577836
0.556728
0.514512
0.503958
0.496042
0.469657
0.459103
0.424802
0.427441
0.395778
0.343008
0.361478
0.324538
0.306069
0.366755
0.459103
0.522427
0.564644
0.585752
0.604222
0.62533
0.672823
0.675462
0.664908
0.643799
0.572559
0.538259
0.485488
0.448549
0.440633
0.411609
0.416887
0.39314
0.390501
0.37467
0.356201
0.353562
0.350923
0.395778
0.501319
0.564644
0.649077
0.722955
0.770449
0.794195
0.788918
0.804749
0.794195
0.744063
0.675462
0.633245
0.596306
0.572559
0.546174
0.53562
0.525066
0.519789
0.514512
0.519789
0.530343
0.514512
0.522427
0.604222
0.686016
0.746702
0.815303
0.85752
0.878628
0.891821
0.905013
0.881266
0.891821
0.870712
0.804749
0.717678
0.635884
0.667546
0.622691
0.598945
0.572559
0.572559
0.564644
0.567282
0.567282
0.575198
0.569921
0.572559
0.604222
0.630607
0.630607
0.62533
0.635884
0.609499
0.596306
0.601583
0.598945
0.567282
0.548813
0.514512
0.51715
0.522427
0.506596
0.498681
0.485488
0.459103
0.44591
0.453826
0.44591
0.443272
0.424802
0.424802
0.461741
0.506596
0.530343
0.588391
0.609499
0.612137
0.635884
0.627968
0.60686
0.575198
0.490765
0.427441
0.422164
0.419525
0.406332
0.385224
0.414248
0.408971
0.401055
0.379947
0.377309
0.366755
0.361478
0.395778
0.443272
0.496042
0.567282
0.601583
0.638522
0.6781
0.693931
0.71504
0.693931
0.662269
0.591029
0.551451
0.51715
0.506596
0.490765
0.480211
0.477573
0.469657
0.467018
0.467018
0.461741
0.456464
0.456464
0.485488
0.551451
0.622691
0.688654
0.722955
0.733509
0.762533
0.765172
0.765172
0.738786
0.691293
0.62533
0.598945
0.593668
0.577836
0.567282
0.543536
0.53562
0.540897
0.525066
0.511873
0.506596
0.496042
0.485488
0.509235
0.577836
0.62533
0.69657
0.754617
0.783641
0.76781
0.775726
0.807388
0.781003
0.757256
0.691293
0.649077
0.620053
0.593668
0.567282
0.562005
0.551451
0.538259
0.51715
0.51715
0.503958
0.493404
0.480211
0.53562
0.588391
0.638522
0.664908
0.765172
0.802111
0.812665
0.841689
0.810026
0.831135
0.781003
0.686016
0.664908
0.635884
0.604222
0.580475
0.577836
0.564644
0.559367
0.546174
0.530343
0.51715
0.514512
0.490765
0.538259
0.604222
0.707124
0.762533
0.802111
0.788918
0.881266
0.833773
0.815303
0.833773
0.802111
0.741425
0.699208
0.649077
0.651715
0.643799
0.635884
0.627968
0.601583
0.609499
0.598945
0.588391
0.583113
0.575198
0.580475
0.604222
0.633245
0.664908
0.659631
0.683377
0.759894
0.76781
0.781003
0.810026
0.757256
0.725594
0.659631
0.638522
0.62533
0.604222
0.596306
0.577836
0.548813
0.55409
0.532982
0.53562
0.53562
0.532982
0.540897
0.622691
0.688654
0.741425
0.788918
0.799472
0.833773
0.799472
0.860158
0.828496
0.783641
0.699208
0.662269
0.646438
0.635884
0.609499
0.580475
0.585752
0.564644
0.543536
0.538259
0.530343
0.498681
0.511873
0.567282
0.604222
0.659631
0.741425
0.781003
0.815303
0.854881
0.841689
0.823219
0.815303
0.754617
0.704485
0.659631
0.622691
0.598945
0.583113
0.575198
0.569921
0.559367
0.551451
0.551451
0.543536
0.540897
0.530343
0.546174
0.593668
0.670185
0.725594
0.765172
0.817942
0.828496
0.85752
0.83905
0.82058
0.802111
0.722955
0.667546
0.612137
0.598945
0.617414
0.575198
0.567282
0.556728
0.538259
0.546174
0.546174
0.551451
0.522427
0.572559
0.617414
0.683377
0.775726
0.807388
0.825858
0.865435
0.852243
0.810026
0.612137
0.62533
0.656992
0.651715
0.643799
0.630607
0.604222
0.588391
0.575198
0.562005
0.540897
0.53562
0.527704
0.51715
0.511873
0.530343
0.577836
0.630607
0.691293
0.746702
0.765172
0.802111
0.844327
0.841689
0.833773
0.794195
0.712401
0.667546
0.620053
0.598945
0.580475
0.567282
0.559367
0.546174
0.53562
0.511873
0.503958
0.501319
0.485488
0.519789
0.593668
0.656992
0.728232
0.773087
0.788918
0.844327
0.791557
0.83905
0.791557
0.778364
0.701847
0.659631
0.622691
0.588391
0.572559
0.556728
0.548813
0.525066
0.506596
0.503958
0.490765
0.477573
0.467018
0.503958
0.583113
0.651715
0.707124
0.762533
0.773087
0.83905
0.817942
0.85752
0.833773
0.783641
0.691293
0.675462
0.635884
0.604222
0.575198
0.548813
0.522427
0.51715
0.506596
0.485488
0.469657
0.459103
0.453826
0.490765
0.551451
0.62533
0.69657
0.765172
0.76781
0.791557
0.82058
0.815303
0.796834
0.765172
0.672823
0.646438
0.609499
0.577836
0.55409
0.530343
0.51715
0.488127
0.490765
0.477573
0.467018
0.456464
0.437995
0.469657
0.548813
0.633245
0.672823
0.722955
0.765172
0.807388
0.815303
0.804749
0.807388
0.765172
0.680739
0.633245
0.598945
0.567282
0.556728
0.538259
0.511873
0.496042
0.480211
0.477573
0.469657
0.46438
0.46438
0.496042
0.577836
0.646438
0.693931
0.725594
0.773087
0.799472
0.82058
0.825858
0.825858
0.773087
0.701847
0.651715
0.580475
0.572559
0.543536
0.53562
0.543536
0.53562
0.490765
0.496042
0.522427
0.509235
0.503958
0.540897
0.596306
0.709763
0.744063
0.773087
0.825858
0.825858
0.844327
0.825858
0.860158
0.791557
0.728232
0.701847
0.659631
0.638522
0.659631
0.604222
0.62533
0.609499
0.596306
0.596306
0.583113
0.577836
0.588391
0.601583
0.627968
0.654354
0.672823
0.686016
0.730871
0.722955
0.759894
0.76781
0.751979
0.722955
0.654354
0.633245
0.651715
0.641161
0.593668
0.572559
0.577836
0.569921
0.569921
0.548813
0.538259
0.525066
0.522427
0.530343
0.551451
0.569921
0.598945
0.627968
0.649077
0.656992
0.656992
0.643799
0.633245
0.622691
0.598945
0.559367
0.548813
0.546174
0.525066
0.498681
0.488127
0.48285
0.488127
0.467018
0.488127
0.48285
0.459103
0.474934
0.511873
0.585752
0.670185
0.71504
0.754617
0.781003
0.794195
0.804749
0.773087
0.717678
0.62533
0.575198
0.572559
0.548813
0.530343
0.51715
0.498681
0.498681
0.490765
0.490765
0.488127
0.48285
0.469657
0.506596
0.559367
0.635884
0.683377
0.757256
0.791557
0.796834
0.83905
0.846966
0.823219
0.775726
0.686016
0.641161
0.630607
0.593668
0.609499
0.622691
0.612137
0.60686
0.591029
0.580475
0.572559
0.569921
0.562005
0.580475
0.62533
0.641161
0.691293
0.728232
0.704485
0.680739
0.672823
0.593668
0.585752
0.588391
0.585752
0.588391
0.593668
0.601583
0.601583
0.601583
0.601583
0.596306
0.601583
0.598945
0.601583
0.601583
0.604222
0.60686
0.596306
0.598945
0.609499
0.614776
0.609499
0.617414
0.622691
0.620053
0.617414
0.614776
0.612137
0.612137
0.612137
0.609499
0.614776
0.614776
0.612137
0.617414
0.620053
0.614776
0.612137
0.620053
0.617414
0.627968
0.662269
0.701847
0.746702
0.746702
0.699208
0.69657
0.722955
0.683377
0.69657
0.649077
0.604222
0.601583
0.583113
0.572559
0.543536
0.530343
0.514512
0.506596
0.506596
0.490765
0.474934
0.440633
0.430079
0.432718
0.44591
0.469657
0.519789
0.580475
0.627968
0.654354
0.691293
0.6781
0.6781
0.638522
0.564644
0.511873
0.451187
0.459103
0.453826
0.459103
0.443272
0.427441
0.427441
0.414248
0.398417
0.408971
0.403694
0.414248
0.467018
0.496042
0.548813
0.577836
0.596306
0.614776
0.641161
0.627968
0.60686
0.572559
0.501319
0.477573
0.456464
0.437995
0.427441
0.411609
0.382586
0.379947
0.37467
0.372032
0.361478
0.353562
0.345646
0.377309
0.427441
0.493404
0.556728
0.649077
0.704485
0.699208
0.762533
0.74934
0.754617
0.720317
0.656992
0.617414
0.556728
0.525066
0.51715
0.53562
0.519789
0.501319
0.485488
0.48285
0.474934
0.490765
0.480211
0.498681
0.585752
0.670185
0.730871
0.754617
0.796834
0.783641
0.788918
0.82058
0.773087
0.751979
0.69657
0.651715
0.604222
0.580475
0.569921
0.562005
0.556728
0.543536
0.532982
0.53562
0.540897
0.543536
0.546174
0.559367
0.598945
0.662269
0.704485
0.754617
0.751979
0.74934
0.699208
0.651715
0.633245
0.630607
0.612137
0.601583
0.596306
0.598945
0.585752
0.591029
0.583113
0.583113
0.569921
0.564644
0.548813
0.559367
0.567282
0.559367
0.562005
0.577836
0.622691
0.596306
0.614776
0.630607
0.614776
0.627968
0.601583
0.577836
0.556728
0.538259
0.522427
0.51715
0.514512
0.506596
0.493404
0.498681
0.488127
0.469657
0.469657
0.472296
0.469657
0.477573
0.51715
0.567282
0.617414
0.646438
0.667546
0.680739
0.6781
0.699208
0.670185
0.620053
0.569921
0.543536
0.519789
0.509235
0.501319
0.496042
0.488127
0.48285
0.490765
0.485488
0.474934
0.467018
0.459103
0.474934
0.532982
0.596306
0.675462
0.701847
0.741425
0.791557
0.788918
0.775726
0.754617
0.722955
0.630607
0.627968
0.609499
0.580475
0.562005
0.548813
0.543536
0.540897
0.530343
0.519789
0.519789
0.522427
0.511873
0.525066
0.556728
0.598945
0.662269
0.704485
0.741425
0.74934
0.762533
0.757256
0.744063
0.699208
0.638522
0.604222
0.591029
0.593668
0.596306
0.577836
0.575198
0.569921
0.575198
0.569921
0.580475
0.569921
0.559367
0.564644
0.583113
0.630607
0.649077
0.643799
0.667546
0.638522
0.649077
0.664908
0.654354
0.635884
0.612137
0.583113
0.569921
0.569921
0.577836
0.564644
0.562005
0.551451
0.540897
0.546174
0.538259
0.53562
0.530343
0.530343
0.55409
0.572559
0.614776
0.601583
0.580475
0.583113
0.588391
0.490765
0.488127
0.485488
0.456464
0.440633
0.440633
0.422164
0.406332
0.358839
0.327177
0.306069
0.311346
0.300792
0.30343
0.28496
0.28496
0.300792
0.382586
0.474934
0.548813
0.583113
0.596306
0.638522
0.630607
0.656992
0.638522
0.598945
0.548813
0.511873
0.432718
0.440633
0.461741
0.424802
0.408971
0.39314
0.382586
0.377309
0.361478
0.358839
0.319261
0.377309
0.443272
0.530343
0.596306
0.649077
0.688654
0.699208
0.733509
0.712401
0.693931
0.627968
0.567282
0.538259
0.530343
0.519789
0.509235
0.488127
0.474934
0.477573
0.472296
0.474934
0.474934
0.48285
0.467018
0.459103
0.474934
0.493404
0.496042
0.503958
0.51715
0.527704
0.532982
0.53562
0.540897
0.53562
0.530343
0.532982
0.525066
0.527704
0.519789
0.519789
0.51715
0.498681
0.488127
0.496042
0.496042
0.488127
0.48285
0.488127
0.485488
0.488127
0.493404
0.488127
0.488127
0.480211
0.488127
0.501319
0.506596
0.522427
0.522427
0.519789
0.501319
0.485488
0.493404
0.498681
0.501319
0.493404
0.48285
0.477573
0.488127
0.461741
0.419525
0.39314
0.37467
0.372032
0.366755
0.408971
0.414248
0.461741
0.485488
0.474934
0.456464
0.422164
0.358839
0.350923
0.30343
0.316623
0.306069
0.282322
0.271768
0.25066
0.242744
0.234828
0.221636
0.218997
0.237467
0.240106
0.282322
0.364116
0.419525
0.437995
0.472296
0.498681
0.490765
0.496042
0.501319
0.461741
0.403694
0.361478
0.335092
0.343008
0.316623
0.329815
0.23219
0.292876
0.271768
0.261214
0.253298
0.234828
0.229551
0.253298
0.340369
0.453826
0.480211
0.522427
0.564644
0.585752
0.612137
0.604222
0.593668
0.538259
0.46438
0.419525
0.361478
0.358839
0.340369
0.345646
0.350923
0.327177
0.279683
0.3219
0.274406
0.269129
0.308707
0.311346
0.406332
0.461741
0.546174
0.604222
0.651715
0.662269
0.672823
0.672823
0.662269
0.575198
0.522427
0.493404
0.48285
0.472296
0.440633
0.398417
0.377309
0.403694
0.390501
0.385224
0.356201
0.358839
0.348285
0.361478
0.443272
0.514512
0.62533
0.688654
0.709763
0.725594
0.733509
0.736148
0.712401
0.612137
0.562005
0.532982
0.538259
0.503958
0.490765
0.453826
0.44591
0.440633
0.440633
0.448549
0.422164
0.419525
0.424802
0.430079
0.440633
0.469657
0.53562
0.627968
0.675462
0.709763
0.733509
0.71504
0.704485
0.667546
0.598945
0.577836
0.559367
0.530343
0.474934
0.503958
0.480211
0.496042
0.467018
0.461741
0.456464
0.443272
0.467018
0.461741
0.46438
0.485488
0.522427
0.569921
0.638522
0.667546
0.683377
0.693931
0.693931
0.635884
0.572559
0.55409
0.53562
0.522427
0.519789
0.498681
0.496042
0.493404
0.501319
0.477573
0.490765
0.48285
0.474934
0.488127
0.527704
0.551451
0.577836
0.609499
0.633245
0.646438
0.654354
0.654354
0.635884
0.617414
0.588391
0.572559
0.55409
0.559367
0.543536
0.540897
0.530343
0.527704
0.511873
0.511873
0.509235
0.514512
0.514512
0.525066
0.519789
0.53562
0.538259
0.522427
0.564644
0.569921
0.60686
0.60686
0.614776
0.593668
0.572559
0.556728
0.538259
0.522427
0.53562
0.538259
0.532982
0.514512
0.514512
0.503958
0.480211
0.485488
0.490765
0.493404
0.509235
0.522427
0.53562
0.564644
0.62533
0.667546
0.712401
0.71504
0.699208
0.649077
0.617414
0.585752
0.559367
0.538259
0.511873
0.493404
0.480211
0.480211
0.46438
0.467018
0.459103
0.459103
0.456464
0.456464
0.490765
0.538259
0.591029
0.649077
0.691293
0.704485
0.725594
0.720317
0.701847
0.646438
0.577836
0.567282
0.55409
0.546174
0.509235
0.503958
0.501319
0.506596
0.496042
0.496042
0.48285
0.459103
0.459103
0.461741
0.514512
0.591029
0.656992
0.688654
0.730871
0.746702
0.770449
0.741425
0.722955
0.651715
0.580475
0.538259
0.493404
0.514512
0.496042
0.506596
0.48285
0.480211
0.469657
0.456464
0.485488
0.480211
0.456464
0.493404
0.527704
0.604222
0.638522
0.649077
0.659631
0.670185
0.654354
0.580475
0.514512
0.501319
0.501319
0.514512
0.501319
0.496042
0.498681
0.48285
0.474934
0.459103
0.461741
0.467018
0.469657
0.472296
0.474934
0.480211
0.488127
0.527704
0.604222
0.654354
0.591029
0.614776
0.630607
0.62533
0.604222
0.559367
0.501319
0.480211
0.459103
0.448549
0.448549
0.424802
0.427441
0.432718
0.422164
0.403694
0.390501
0.414248
0.382586
0.39314
0.411609
0.44591
0.503958
0.546174
0.548813
0.562005
0.572559
0.585752
0.559367
0.506596
0.459103
0.437995
0.422164
0.408971
0.390501
0.387863
0.37467
0.366755
0.366755
0.353562
0.348285
0.337731
0.335092
0.343008
0.358839
0.401055
0.403694
0.46438
0.532982
0.575198
0.593668
0.598945
0.583113
0.53562
0.530343
0.506596
0.519789
0.511873
0.501319
0.490765
0.493404
0.503958
0.525066
0.527704
0.530343
0.530343
0.514512
0.503958
0.51715
0.540897
0.612137
0.691293
0.736148
0.744063
0.741425
0.725594
0.691293
0.654354
0.62533
0.609499
0.577836
0.577836
0.585752
0.575198
0.564644
0.593668
0.569921
0.598945
0.503958
0.46438
0.456464
0.459103
0.456464
0.451187
0.451187
0.453826
0.453826
0.451187
0.44591
0.443272
0.437995
0.435356
0.435356
0.437995
0.435356
0.437995
0.435356
0.432718
0.432718
0.437995
0.443272
0.440633
0.443272
0.437995
0.437995
0.435356
0.448549
0.46438
0.477573
0.472296
0.503958
0.496042
0.522427
0.519789
0.551451
0.514512
0.501319
0.459103
0.432718
0.44591
0.451187
0.448549
0.435356
0.435356
0.424802
0.39314
0.382586
0.379947
0.387863
0.390501
0.401055
0.427441
0.459103
0.503958
0.519789
0.530343
0.532982
0.540897
0.525066
0.501319
0.477573
0.467018
0.44591
0.416887
0.408971
0.416887
0.379947
0.356201
0.377309
0.361478
0.316623
0.345646
0.332454
0.343008
0.369393
0.427441
0.472296
0.509235
0.540897
0.569921
0.572559
0.572559
0.562005
0.501319
0.435356
0.416887
0.398417
0.382586
0.379947
0.372032
0.361478
0.366755
0.353562
0.353562
0.358839
0.345646
0.340369
0.377309
0.448549
0.514512
0.593668
0.659631
0.675462
0.693931
0.699208
0.707124
0.675462
0.596306
0.572559
0.575198
0.572559
0.540897
0.522427
0.509235
0.496042
0.485488
0.477573
0.461741
0.459103
0.456464
0.456464
0.467018
0.485488
0.498681
0.498681
0.532982
0.525066
0.527704
0.514512
0.488127
0.490765
0.493404
0.488127
0.488127
0.493404
0.490765
0.48285
0.480211
0.480211
0.488127
0.493404
0.485488
0.488127
0.477573
0.48285
0.493404
0.527704
0.580475
0.614776
0.635884
0.656992
0.667546
0.643799
0.622691
0.612137
0.60686
0.559367
0.551451
0.543536
0.543536
0.532982
0.538259
0.527704
0.530343
0.530343
0.525066
0.511873
0.506596
0.503958
0.506596
0.519789
0.538259
0.551451
0.591029
0.609499
0.601583
0.588391
0.577836
0.506596
0.437995
0.419525
0.416887
0.416887
0.419525
0.422164
0.424802
0.414248
0.401055
0.390501
0.385224
0.372032
0.358839
0.343008
0.329815
0.337731
0.350923
0.39314
0.440633
0.496042
0.527704
0.540897
0.55409
0.559367
0.493404
0.44591
0.408971
0.382586
0.37467
0.356201
0.335092
0.350923
0.316623
0.3219
0.327177
0.337731
0.3219
0.306069
0.290237
0.369393
0.456464
0.501319
0.546174
0.564644
0.601583
0.593668
0.588391
0.562005
0.503958
0.474934
0.453826
0.440633
0.416887
0.401055
0.398417
0.401055
0.416887
0.414248
0.422164
0.430079
0.414248
0.424802
0.430079
0.456464
0.448549
0.451187
0.440633
0.451187
0.448549
0.459103
0.469657
0.472296
0.453826
0.440633
0.427441
0.435356
0.448549
0.453826
0.459103
0.472296
0.474934
0.493404
0.498681
0.509235
0.498681
0.509235
0.506596
0.530343
0.556728
0.612137
0.62533
0.622691
0.69657
0.646438
0.62533
0.62533
0.596306
0.588391
0.588391
0.591029
0.588391
0.583113
0.580475
0.593668
0.585752
0.588391
0.588391
0.591029
0.55409
0.583113
0.585752
0.654354
0.69657
0.738786
0.775726
0.78628
0.799472
0.796834
0.778364
0.765172
0.736148
0.704485
0.667546
0.656992
0.662269
0.662269
0.654354
0.662269
0.651715
0.664908
0.664908
0.659631
0.662269
0.593668
0.577836
0.585752
0.627968
0.620053
0.630607
0.627968
0.643799
0.580475
0.569921
0.559367
0.546174
0.522427
0.496042
0.501319
0.506596
0.498681
0.496042
0.509235
0.498681
0.496042
0.48285
0.474934
0.467018
0.461741
0.44591
0.459103
0.443272
0.46438
0.467018
0.453826
0.459103
0.461741
0.461741
0.472296
0.467018
0.461741
0.459103
0.461741
0.459103
0.461741
0.459103
0.461741
0.46438
0.467018
0.467018
0.467018
0.469657
0.472296
0.474934
0.48285
0.48285
0.498681
0.522427
0.538259
0.543536
0.53562
0.530343
0.543536
0.538259
0.51715
0.503958
0.480211
0.474934
0.467018
0.46438
0.456464
0.456464
0.44591
0.443272
0.440633
0.424802
0.422164
0.422164
0.437995
0.453826
0.459103
0.474934
0.485488
0.498681
0.506596
0.511873
0.519789
0.506596
0.493404
0.480211
0.474934
0.461741
0.469657
0.467018
0.46438
0.461741
0.453826
0.443272
0.443272
0.440633
0.440633
0.443272
0.437995
0.435356
0.432718
0.435356
0.437995
0.435356
0.424802
0.430079
0.430079
0.427441
0.430079
0.427441
0.422164
0.419525
0.427441
0.424802
0.424802
0.422164
0.422164
0.427441
0.422164
0.424802
0.456464
0.453826
0.432718
0.422164
0.422164
0.430079
0.427441
0.430079
0.437995
0.435356
0.437995
0.432718
0.424802
0.419525
0.416887
0.419525
0.422164
0.416887
0.414248
0.414248
0.403694
0.398417
0.385224
0.382586
0.37467
0.372032
0.37467
0.385224
0.387863
0.406332
0.419525
0.424802
0.435356
0.443272
0.443272
0.424802
0.422164
0.416887
0.424802
0.411609
0.411609
0.398417
0.401055
0.403694
0.403694
0.403694
0.406332
0.398417
0.395778
0.398417
0.403694
0.419525
0.440633
0.46438
0.472296
0.490765
0.498681
0.501319
0.496042
0.46438
0.427441
0.430079
0.437995
0.419525
0.372032
0.366755
0.379947
0.361478
0.327177
0.324538
0.324538
0.30343
0.300792
0.311346
0.369393
0.435356
0.472296
0.51715
0.559367
0.572559
0.580475
0.559367
0.548813
0.525066
0.506596
0.488127
0.488127
0.490765
0.485488
0.472296
0.48285
0.480211
0.469657
0.477573
0.46438
0.456464
0.453826
0.451187
0.453826
0.467018
0.474934
0.480211
0.490765
0.490765
0.490765
0.485488
0.48285
0.48285
0.480211
0.480211
0.474934
0.480211
0.472296
0.467018
0.467018
0.461741
0.453826
0.459103
0.456464
0.456464
0.451187
0.451187
0.456464
0.474934
0.477573
0.480211
0.485488
0.493404
0.480211
0.46438
0.456464
0.451187
0.44591
0.443272
0.440633
0.435356
0.432718
0.427441
0.424802
0.422164
0.414248
0.406332
0.403694
0.398417
0.398417
0.395778
0.401055
0.408971
0.427441
0.453826
0.461741
0.459103
0.459103
0.456464
0.459103
0.440633
0.419525
0.414248
0.411609
0.406332
0.403694
0.401055
0.401055
0.403694
0.406332
0.406332
0.408971
0.408971
0.414248
0.422164
0.430079
0.440633
0.448549
0.453826
0.477573
0.474934
0.461741
0.46438
0.467018
0.467018
0.461741
0.453826
0.456464
0.469657
0.474934
0.490765
0.490765
0.511873
0.51715
0.509235
0.501319
0.493404
0.477573
0.461741
0.453826
0.453826
0.437995
0.437995
0.427441
0.448549
0.44591
0.435356
0.424802
0.419525
0.414248
0.39314
0.390501
0.390501
0.379947
0.369393
0.366755
0.361478
0.343008
0.327177
0.287599
0.279683
0.269129
0.253298
0.242744
0.237467
0.277045
0.295515
0.308707
0.308707
0.298153
0.287599
0.28496
0.271768
0.263852
0.261214
0.261214
0.263852
0.263852
0.263852
0.255937
0.248021
0.240106
0.240106
0.234828
0.229551
0.229551
0.221636
0.25066
0.28496
0.319261
0.348285
0.377309
0.403694
0.422164
0.443272
0.424802
0.382586
0.327177
0.337731
0.279683
0.300792
0.282322
0.261214
0.25066
0.23219
0.237467
0.240106
0.253298
0.23219
0.226913
0.221636
0.287599
0.358839
0.432718
0.490765
0.522427
0.548813
0.556728
0.559367
0.559367
0.509235
0.453826
0.408971
0.387863
0.366755
0.366755
0.324538
0.298153
0.255937
0.258575
0.274406
0.269129
0.25066
0.242744
0.266491
0.324538
0.411609
0.461741
0.514512
0.53562
0.564644
0.564644
0.569921
0.546174
0.514512
0.448549
0.395778
0.387863
0.366755
0.345646
0.316623
0.3219
0.319261
0.327177
0.295515
0.319261
0.313984
0.308707
0.311346
0.369393
0.437995
0.514512
0.598945
0.620053
0.620053
0.620053
0.620053
0.609499
0.556728
0.488127
0.46438
0.451187
0.419525
0.430079
0.406332
0.379947
0.385224
0.387863
0.382586
0.369393
0.379947
0.364116
0.353562
0.411609
0.472296
0.548813
0.575198
0.612137
0.643799
0.664908
0.601583
0.633245
0.559367
0.540897
0.48285
0.453826
0.451187
0.430079
0.419525
0.411609
0.414248
0.401055
0.387863
0.387863
0.387863
0.382586
0.377309
0.414248
0.469657
0.548813
0.601583
0.638522
0.670185
0.686016
0.664908
0.614776
0.593668
0.567282
0.551451
0.548813
0.514512
0.501319
0.48285
0.456464
0.46438
0.46438
0.477573
0.451187
0.437995
0.443272
0.414248
0.477573
0.580475
0.633245
0.670185
0.688654
0.709763
0.730871
0.722955
0.670185
0.591029
0.546174
0.519789
0.501319
0.503958
0.480211
0.493404
0.511873
0.496042
0.503958
0.493404
0.485488
0.485488
0.493404
0.498681
0.546174
0.614776
0.656992
0.707124
0.738786
0.765172
0.778364
0.757256
0.725594
0.654354
0.612137
0.588391
0.564644
0.543536
0.548813
0.588391
0.577836
0.556728
0.564644
0.55409
0.551451
0.556728
0.569921
0.567282
0.601583
0.641161
0.638522
0.583113
0.55409
0.562005
0.319261
0.287599
0.261214
0.271768
0.287599
0.279683
0.255937
0.242744
0.245383
0.234828
0.237467
0.234828
0.23219
0.229551
0.221636
0.203166
0.17942
0.176781
0.21372
0.242744
0.277045
0.258575
0.282322
0.282322
0.287599
0.292876
0.290237
0.248021
0.192612
0.184697
0.17942
0.176781
0.153034
0.139842
0.129288
0.110818
0.108179
0.113456
0.126649
0.110818
0.105541
0.094987
0.147757
0.205805
0.248021
0.306069
0.335092
0.364116
0.403694
0.419525
0.406332
0.340369
0.274406
0.248021
0.28496
0.287599
0.263852
0.269129
0.274406
0.277045
0.282322
0.266491
0.295515
0.30343
0.306069
0.332454
0.390501
0.411609
0.480211
0.522427
0.519789
0.567282
0.572559
0.588391
0.543536
0.480211
0.416887
0.411609
0.427441
0.39314
0.414248
0.408971
0.408971
0.387863
0.387863
0.372032
0.364116
0.377309
0.390501
0.398417
0.440633
0.506596
0.580475
0.627968
0.691293
0.707124
0.720317
0.709763
0.667546
0.559367
0.527704
0.490765
0.467018
0.493404
0.472296
0.467018
0.453826
0.435356
0.411609
0.408971
0.379947
0.377309
0.377309
0.395778
0.461741
0.53562
0.596306
0.662269
0.691293
0.717678
0.722955
0.688654
0.659631
0.60686
0.562005
0.53562
0.543536
0.51715
0.503958
0.488127
0.477573
0.477573
0.467018
0.453826
0.453826
0.456464
0.44591
0.443272
0.490765
0.567282
0.630607
0.680739
0.717678
0.725594
0.746702
0.762533
0.725594
0.614776
0.564644
0.503958
0.480211
0.46438
0.46438
0.453826
0.469657
0.46438
0.44591
0.437995
0.443272
0.422164
0.401055
0.408971
0.461741
0.527704
0.585752
0.641161
0.664908
0.699208
0.704485
0.69657
0.670185
0.556728
0.527704
0.496042
0.474934
0.469657
0.440633
0.440633
0.443272
0.443272
0.432718
0.432718
0.411609
0.411609
0.422164
0.401055
0.448549
0.509235
0.577836
0.612137
0.633245
0.630607
0.643799
0.633245
0.591029
0.522427
0.488127
0.453826
0.437995
0.435356
0.427441
0.419525
0.416887
0.430079
0.385224
0.408971
0.419525
0.408971
0.406332
0.406332
0.490765
0.546174
0.617414
0.670185
0.709763
0.728232
0.738786
0.728232
0.701847
0.635884
0.55409
0.548813
0.543536
0.503958
0.506596
0.485488
0.501319
0.490765
0.469657
0.46438
0.456464
0.459103
0.453826
0.453826
0.48285
0.564644
0.60686
0.664908
0.701847
0.717678
0.738786
0.720317
0.69657
0.641161
0.609499
0.569921
0.559367
0.530343
0.519789
0.490765
0.501319
0.496042
0.488127
0.451187
0.477573
0.467018
0.437995
0.453826
0.506596
0.577836
0.638522
0.6781
0.712401
0.728232
0.730871
0.728232
0.707124
0.659631
0.598945
0.572559
0.562005
0.55409
0.525066
0.474934
0.493404
0.448549
0.459103
0.467018
0.467018
0.477573
0.477573
0.474934
0.472296
0.451187
0.46438
0.459103
0.477573
0.474934
0.480211
0.488127
0.48285
0.440633
0.411609
0.377309
0.332454
0.3219
0.343008
0.332454
0.308707
0.277045
0.279683
0.226913
0.261214
0.279683
0.266491
0.255937
0.282322
0.306069
0.348285
0.403694
0.44591
0.474934
0.490765
0.493404
0.474934
0.411609
0.382586
0.372032
0.358839
0.332454
0.306069
0.292876
0.266491
0.261214
0.242744
0.23219
0.226913
0.229551
0.216359
0.203166
0.25066
0.30343
0.358839
0.401055
0.437995
0.469657
0.490765
0.493404
0.480211
0.403694
0.372032
0.340369
0.329815
0.329815
0.290237
0.282322
0.261214
0.263852
0.266491
0.253298
0.237467
0.234828
0.226913
0.234828
0.28496
0.350923
0.430079
0.496042
0.51715
0.538259
0.551451
0.546174
0.519789
0.424802
0.382586
0.332454
0.332454
0.335092
0.343008
0.327177
0.324538
0.324538
0.3219
0.3219
0.313984
0.282322
0.282322
0.261214
0.327177
0.408971
0.488127
0.527704
0.530343
0.556728
0.540897
0.548813
0.532982
0.456464
0.408971
0.372032
0.408971
0.372032
0.39314
0.39314
0.385224
0.390501
0.372032
0.350923
0.306069
0.295515
0.282322
0.292876
0.369393
0.448549
0.525066
0.583113
0.620053
0.641161
0.659631
0.649077
0.62533
0.546174
0.490765
0.44591
0.443272
0.432718
0.419525
0.406332
0.401055
0.390501
0.37467
0.37467
0.353562
0.332454
0.306069
0.319261
0.377309
0.440633
0.527704
0.593668
0.609499
0.630607
0.641161
0.596306
0.577836
0.506596
0.443272
0.424802
0.440633
0.419525
0.395778
0.353562
0.369393
0.372032
0.372032
0.350923
0.366755
0.350923
0.356201
0.364116
0.406332
0.477573
0.548813
0.609499
0.656992
0.667546
0.664908
0.667546
0.627968
0.556728
0.498681
0.474934
0.472296
0.448549
0.411609
0.419525
0.408971
0.37467
0.369393
0.387863
0.390501
0.369393
0.361478
0.369393
0.432718
0.503958
0.591029
0.638522
0.6781
0.688654
0.699208
0.701847
0.675462
0.580475
0.514512
0.490765
0.474934
0.477573
0.459103
0.437995
0.453826
0.430079
0.411609
0.411609
0.440633
0.440633
0.440633
0.435356
0.469657
0.519789
0.572559
0.588391
0.612137
0.612137
0.622691
0.646438
0.604222
0.572559
0.551451
0.53562
0.496042
0.461741
0.46438
0.46438
0.456464
0.435356
0.440633
0.432718
0.416887
0.435356
0.437995
0.403694
0.467018
0.53562
0.591029
0.651715
0.670185
0.688654
0.701847
0.699208
0.699208
0.635884
0.580475
0.548813
0.522427
0.511873
0.493404
0.493404
0.480211
0.485488
0.472296
0.46438
0.46438
0.501319
0.461741
0.477573
0.485488
0.511873
0.548813
0.633245
0.659631
0.664908
0.688654
0.683377
0.693931
0.596306
0.556728
0.538259
0.538259
0.522427
0.51715
0.514512
0.519789
0.501319
0.509235
0.490765
0.514512
0.496042
0.46438
0.493404
0.532982
0.593668
0.649077
0.709763
0.733509
0.746702
0.762533
0.76781
0.728232
0.654354
0.604222
0.564644
0.540897
0.514512
0.496042
0.485488
0.485488
0.467018
0.432718
0.435356
0.432718
0.44591
0.432718
0.427441
0.474934
0.546174
0.617414
0.675462
0.71504
0.754617
0.751979
0.751979
0.725594
0.654354
0.567282
0.527704
0.480211
0.488127
0.472296
0.485488
0.480211
0.477573
0.477573
0.453826
0.459103
0.469657
0.453826
0.496042
0.522427
0.543536
0.591029
0.638522
0.693931
0.707124
0.720317
0.741425
0.691293
0.641161
0.596306
0.567282
0.564644
0.548813
0.488127
0.501319
0.485488
0.485488
0.453826
0.501319
0.498681
0.509235
0.514512
0.522427
0.562005
0.60686
0.659631
0.704485
0.720317
0.759894
0.751979
0.733509
0.701847
0.651715
0.593668
0.562005
0.556728
0.551451
0.546174
0.53562
0.548813
0.548813
0.583113
0.604222
0.596306
0.591029
0.562005
0.532982
0.530343
0.530343
0.540897
0.527704
0.350923
0.327177
0.28496
0.277045
0.245383
0.224274
0.203166
0.208443
0.184697
0.195251
0.195251
0.184697
0.184697
0.187335
0.187335
0.187335
0.184697
0.184697
0.182058
0.174142
0.174142
0.17942
0.182058
0.176781
0.208443
0.203166
0.23219
0.261214
0.234828
0.203166
0.176781
0.155673
0.124011
0.124011
0.097625
0.08971
0.055409
0.068602
0.058047
0.058047
0.060686
0.039578
0.0
0.013193
0.044855
0.116095
0.17942
0.234828
0.271768
0.295515
0.308707
0.335092
0.332454
0.290237
0.211082
0.163588
0.163588
0.174142
0.139842
0.147757
0.131926
0.092348
0.102902
0.105541
0.092348
0.07124
0.058047
0.07124
0.134565
0.218997
0.319261
0.377309
0.443272
0.488127
0.501319
0.506596
0.493404
0.427441
0.395778
0.356201
0.3219
0.287599
0.242744
0.25066
0.242744
0.237467
0.248021
0.211082
0.216359
0.197889
0.166227
0.158311
0.248021
0.340369
0.416887
0.472296
0.490765
0.527704
0.569921
0.572559
0.546174
0.480211
0.44591
0.408971
0.324538
0.350923
0.308707
0.287599
0.298153
0.28496
0.274406
0.221636
0.253298
0.176781
0.234828
0.163588
0.237467
0.361478
0.443272
0.503958
0.511873
0.53562
0.540897
0.546174
0.540897
0.501319
0.467018
0.387863
0.385224
0.350923
0.356201
0.343008
0.292876
0.292876
0.295515
0.292876
0.269129
0.216359
0.245383
0.255937
0.3219
0.422164
0.503958
0.55409
0.596306
0.609499
0.641161
0.641161
0.620053
0.519789
0.403694
0.427441
0.451187
0.350923
0.411609
0.372032
0.353562
0.411609
0.403694
0.395778
0.385224
0.379947
0.372032
0.377309
0.437995
0.543536
0.635884
0.6781
0.733509
0.741425
0.759894
0.754617
0.738786
0.622691
0.577836
0.503958
0.46438
0.506596
0.503958
0.451187
0.453826
0.44591
0.456464
0.422164
0.461741
0.480211
0.472296
0.48285
0.572559
0.643799
0.699208
0.754617
0.791557
0.794195
0.802111
0.754617
0.765172
0.69657
0.659631
0.617414
0.609499
0.598945
0.556728
0.551451
0.51715
0.532982
0.527704
0.527704
0.522427
0.519789
0.51715
0.51715
0.567282
0.643799
0.69657
0.744063
0.778364
0.802111
0.815303
0.812665
0.781003
0.693931
0.641161
0.604222
0.583113
0.538259
0.538259
0.53562
0.514512
0.490765
0.511873
0.493404
0.480211
0.48285
0.485488
0.485488
0.543536
0.617414
0.670185
0.717678
0.751979
0.757256
0.76781
0.765172
0.741425
0.662269
0.620053
0.60686
0.572559
0.527704
0.525066
0.493404
0.485488
0.472296
0.461741
0.437995
0.443272
0.453826
0.437995
0.427441
0.503958
0.601583
0.643799
0.6781
0.717678
0.733509
0.744063
0.722955
0.699208
0.596306
0.543536
0.540897
0.527704
0.496042
0.459103
0.467018
0.44591
0.437995
0.411609
0.390501
0.364116
0.343008
0.390501
0.377309
0.427441
0.519789
0.588391
0.627968
0.670185
0.712401
0.71504
0.717678
0.688654
0.593668
0.546174
0.488127
0.472296
0.459103
0.456464
0.430079
0.456464
0.448549
0.437995
0.419525
0.422164
0.395778
0.366755
0.385224
0.451187
0.548813
0.635884
0.688654
0.722955
0.759894
0.754617
0.751979
0.736148
0.659631
0.572559
0.562005
0.506596
0.474934
0.485488
0.498681
0.488127
0.472296
0.451187
0.459103
0.488127
0.48285
0.490765
0.496042
0.51715
0.55409
0.601583
0.680739
0.733509
0.730871
0.741425
0.741425
0.736148
0.659631
0.585752
0.55409
0.546174
0.493404
0.493404
0.477573
0.461741
0.48285
0.477573
0.46438
0.448549
0.437995
0.459103
0.427441
0.467018
0.588391
0.675462
0.704485
0.744063
0.738786
0.746702
0.730871
0.725594
0.6781
0.641161
0.551451
0.53562
0.519789
0.488127
0.496042
0.480211
0.488127
0.501319
0.459103
0.469657
0.44591
0.448549
0.44591
0.493404
0.583113
0.662269
0.71504
0.725594
0.744063
0.762533
0.746702
0.733509
0.6781
0.641161
0.585752
0.556728
0.546174
0.543536
0.53562
0.509235
0.490765
0.496042
0.474934
0.453826
0.467018
0.480211
0.477573
0.496042
0.509235
0.501319
0.443272
0.467018
0.453826
0.440633
0.437995
0.440633
0.422164
0.416887
0.419525
0.419525
0.416887
0.422164
0.422164
0.422164
0.422164
0.422164
0.403694
0.398417
0.382586
0.379947
0.377309
0.385224
0.390501
0.414248
0.443272
0.472296
0.48285
0.501319
0.472296
0.493404
0.448549
0.39314
0.356201
0.369393
0.332454
0.306069
0.324538
0.319261
0.311346
0.30343
0.282322
0.263852
0.277045
0.263852
0.242744
0.306069
0.369393
0.406332
0.448549
0.485488
0.498681
0.506596
0.519789
0.514512
0.453826
0.408971
0.395778
0.340369
0.332454
0.306069
0.290237
0.292876
0.298153
0.295515
0.292876
0.279683
0.279683
0.282322
0.279683
0.343008
0.419525
0.501319
0.564644
0.598945
0.617414
0.62533
0.622691
0.601583
0.538259
0.440633
0.39314
0.39314
0.358839
0.345646
0.337731
0.340369
0.332454
0.3219
0.30343
0.316623
0.306069
0.295515
0.311346
0.364116
0.422164
0.480211
0.532982
0.577836
0.601583
0.601583
0.604222
0.580475
0.53562
0.477573
0.419525
0.385224
0.377309
0.353562
0.348285
0.332454
0.379947
0.337731
0.332454
0.316623
0.306069
0.308707
0.3219
0.387863
0.488127
0.585752
0.635884
0.672823
0.704485
0.709763
0.717678
0.707124
0.641161
0.577836
0.503958
0.509235
0.522427
0.532982
0.551451
0.556728
0.527704
0.532982
0.530343
0.546174
0.530343
0.467018
0.453826
0.48285
0.490765
0.551451
0.548813
0.567282
0.617414
0.633245
0.667546
0.643799
0.604222
0.567282
0.490765
0.422164
0.401055
0.406332
0.387863
0.372032
0.337731
0.313984
0.300792
0.287599
0.258575
0.240106
0.279683
0.298153
0.306069
0.335092
0.398417
0.448549
0.480211
0.474934
0.477573
0.477573
0.443272
0.408971
0.364116
0.350923
0.345646
0.3219
0.3219
0.3219
0.327177
0.324538
0.319261
0.306069
0.311346
0.313984
0.327177
0.364116
0.416887
0.490765
0.540897
0.588391
0.609499
0.604222
0.598945
0.591029
0.548813
0.485488
0.506596
0.501319
0.490765
0.485488
0.488127
0.493404
0.485488
0.485488
0.474934
0.46438
0.456464
0.451187
0.451187
0.480211
0.532982
0.583113
0.649077
0.707124
0.76781
0.788918
0.799472
0.759894
0.707124
0.654354
0.612137
0.596306
0.591029
0.601583
0.622691
0.627968
0.630607
0.62533
0.612137
0.641161
0.633245
0.620053
0.60686
0.522427
0.506596
0.511873
0.53562
0.620053
0.62533
0.591029
0.53562
0.48285
0.485488
0.480211
0.477573
0.485488
0.488127
0.496042
0.493404
0.501319
0.498681
0.490765
0.51715
0.509235
0.503958
0.506596
0.501319
0.503958
0.519789
0.469657
0.461741
0.443272
0.435356
0.461741
0.501319
0.485488
0.414248
0.411609
0.395778
0.39314
0.387863
0.366755
0.366755
0.364116
0.350923
0.337731
0.340369
0.345646
0.332454
0.335092
0.337731
0.343008
0.350923
0.37467
0.406332
0.424802
0.461741
0.480211
0.488127
0.503958
0.440633
0.419525
0.356201
0.345646
0.327177
0.340369
0.290237
0.295515
0.221636
0.258575
0.242744
0.240106
0.258575
0.253298
0.25066
0.364116
0.406332
0.461741
0.501319
0.546174
0.593668
0.591029
0.60686
0.596306
0.51715
0.469657
0.435356
0.432718
0.390501
0.366755
0.377309
0.335092
0.358839
0.353562
0.340369
0.329815
0.28496
0.282322
0.279683
0.319261
0.369393
0.456464
0.519789
0.551451
0.583113
0.583113
0.585752
0.567282
0.501319
0.451187
0.414248
0.379947
0.37467
0.350923
0.340369
0.324538
0.327177
0.329815
0.319261
0.311346
0.290237
0.295515
0.30343
0.353562
0.398417
0.474934
0.559367
0.604222
0.633245
0.638522
0.656992
0.643799
0.564644
0.493404
0.474934
0.467018
0.440633
0.427441
0.419525
0.424802
0.395778
0.398417
0.366755
0.340369
0.358839
0.350923
0.390501
0.46438
0.53562
0.601583
0.633245
0.680739
0.680739
0.709763
0.693931
0.670185
0.598945
0.506596
0.456464
0.448549
0.44591
0.424802
0.398417
0.416887
0.422164
0.408971
0.411609
0.408971
0.390501
0.432718
0.44591
0.540897
0.585752
0.572559
0.620053
0.654354
0.691293
0.672823
0.686016
0.693931
0.638522
0.604222
0.551451
0.585752
0.538259
0.522427
0.496042
0.395778
0.408971
0.403694
0.39314
0.369393
0.345646
0.324538
0.308707
0.30343
0.332454
0.337731
0.369393
0.385224
0.416887
0.430079
0.424802
0.408971
0.364116
0.287599
0.234828
0.224274
0.221636
0.205805
0.203166
0.182058
0.174142
0.197889
0.166227
0.155673
0.129288
0.124011
0.145119
0.25066
0.329815
0.366755
0.37467
0.39314
0.411609
0.435356
0.448549
0.432718
0.382586
0.337731
0.324538
0.290237
0.271768
0.263852
0.237467
0.234828
0.226913
0.208443
0.211082
0.17942
0.182058
0.203166
0.216359
0.271768
0.348285
0.408971
0.485488
0.543536
0.580475
0.593668
0.593668
0.591029
0.53562
0.437995
0.411609
0.403694
0.403694
0.387863
0.377309
0.382586
0.395778
0.39314
0.385224
0.385224
0.385224
0.37467
0.416887
0.488127
0.577836
0.659631
0.709763
0.74934
0.762533
0.783641
0.781003
0.751979
0.704485
0.627968
0.601583
0.609499
0.572559
0.567282
0.569921
0.567282
0.556728
0.543536
0.527704
0.522427
0.519789
0.511873
0.514512
0.593668
0.667546
0.741425
0.781003
0.823219
0.823219
0.841689
0.836412
0.810026
0.741425
0.675462
0.622691
0.643799
0.646438
0.612137
0.598945
0.604222
0.583113
0.55409
0.538259
0.55409
0.548813
0.527704
0.55409
0.604222
0.6781
0.738786
0.775726
0.794195
0.823219
0.833773
0.831135
0.807388
0.730871
0.646438
0.604222
0.588391
0.546174
0.546174
0.546174
0.527704
0.548813
0.519789
0.514512
0.493404
0.46438
0.430079
0.488127
0.556728
0.646438
0.701847
0.74934
0.74934
0.741425
0.74934
0.738786
0.6781
0.643799
0.593668
0.562005
0.564644
0.575198
0.559367
0.562005
0.564644
0.567282
0.562005
0.540897
0.522427
0.498681
0.493404
0.490765
0.485488
0.48285
0.493404
0.493404
0.498681
0.498681
0.506596
0.540897
0.588391
0.546174
0.503958
0.474934
0.44591
0.451187
0.467018
0.469657
0.46438
0.461741
0.461741
0.474934
0.474934
0.488127
0.493404
0.485488
0.548813
0.622691
0.680739
0.712401
0.730871
0.744063
0.741425
0.725594
0.683377
0.635884
0.591029
0.604222
0.60686
0.622691
0.604222
0.591029
0.588391
0.572559
0.55409
0.540897
0.559367
0.583113
0.559367
0.585752
0.646438
0.736148
0.754617
0.810026
0.833773
0.844327
0.852243
0.846966
0.825858
0.765172
0.691293
0.683377
0.680739
0.670185
0.598945
0.62533
0.635884
0.641161
0.540897
0.543536
0.569921
0.575198
0.548813
0.488127
0.437995
0.430079
0.437995
0.440633
0.44591
0.472296
0.451187
0.395778
0.377309
0.356201
0.348285
0.319261
0.311346
0.287599
0.306069
0.311346
0.30343
0.313984
0.329815
0.332454
0.324538
0.313984
0.311346
0.3219
0.372032
0.435356
0.498681
0.543536
0.601583
0.617414
0.651715
0.662269
0.630607
0.575198
0.538259
0.519789
0.501319
0.480211
0.467018
0.461741
0.469657
0.469657
0.474934
0.469657
0.46438
0.461741
0.448549
0.469657
0.522427
0.572559
0.641161
0.691293
0.733509
0.76781
0.781003
0.778364
0.759894
0.71504
0.643799
0.622691
0.620053
0.609499
0.591029
0.575198
0.546174
0.527704
0.498681
0.477573
0.459103
0.453826
0.451187
0.474934
0.543536
0.620053
0.693931
0.74934
0.78628
0.810026
0.817942
0.823219
0.796834
0.74934
0.701847
0.62533
0.60686
0.585752
0.559367
0.580475
0.540897
0.527704
0.493404
0.51715
0.527704
0.488127
0.474934
0.509235
0.564644
0.641161
0.71504
0.762533
0.802111
0.849604
0.849604
0.836412
0.817942
0.746702
0.6781
0.670185
0.656992
0.654354
0.651715
0.627968
0.635884
0.654354
0.638522
0.609499
0.604222
0.588391
0.583113
0.601583
0.664908
0.717678
0.762533
0.804749
0.836412
0.849604
0.854881
0.849604
0.841689
0.825858
0.76781
0.672823
0.649077
0.598945
0.593668
0.588391
0.569921
0.527704
0.53562
0.522427
0.506596
0.488127
0.477573
0.488127
0.496042
0.527704
0.511873
0.496042
0.498681
0.501319
0.469657
0.461741
0.480211
0.472296
0.451187
0.456464
0.451187
0.430079
0.416887
0.411609
0.406332
0.406332
0.408971
0.406332
0.416887
0.419525
0.424802
0.440633
0.469657
0.532982
0.591029
0.635884
0.686016
0.751979
0.759894
0.741425
0.741425
0.712401
0.664908
0.643799
0.627968
0.617414
0.575198
0.572559
0.567282
0.562005
0.53562
0.580475
0.588391
0.585752
0.564644
0.575198
0.630607
0.704485
0.74934
0.817942
0.854881
0.860158
0.85752
0.849604
0.817942
0.76781
0.670185
0.635884
0.580475
0.593668
0.593668
0.593668
0.596306
0.588391
0.567282
0.596306
0.564644
0.522427
0.530343
0.551451
0.622691
0.722955
0.76781
0.833773
0.862797
0.860158
0.860158
0.844327
0.83905
0.794195
0.71504
0.659631
0.667546
0.635884
0.620053
0.620053
0.601583
0.567282
0.575198
0.572559
0.580475
0.575198
0.567282
0.593668
0.617414
0.6781
0.783641
0.751979
0.781003
0.762533
0.709763
0.709763
0.667546
0.620053
0.591029
0.612137
0.596306
0.591029
0.588391
0.596306
0.604222
0.596306
0.580475
0.598945
0.580475
0.583113
0.564644
0.604222
0.670185
0.762533
0.828496
0.868074
0.899736
0.902375
0.862797
0.889182
0.878628
0.815303
0.741425
0.707124
0.74934
0.788918
0.770449
0.728232
0.680739
0.654354
0.593668
0.51715
0.490765
0.474934
0.424802
0.406332
0.403694
0.432718
0.514512
0.540897
0.540897
0.540897
0.575198
0.593668
0.593668
0.559367
0.509235
0.480211
0.46438
0.430079
0.432718
0.422164
0.416887
0.424802
0.422164
0.414248
0.427441
0.427441
0.427441
0.435356
0.456464
0.509235
0.546174
0.580475
0.601583
0.630607
0.635884
0.620053
0.60686
0.55409
0.493404
0.451187
0.443272
0.440633
0.448549
0.453826
0.453826
0.453826
0.456464
0.459103
0.459103
0.459103
0.461741
0.474934
0.493404
0.551451
0.62533
0.693931
0.76781
0.78628
0.82058
0.778364
0.788918
0.765172
0.686016
0.641161
0.643799
0.614776
0.598945
0.588391
0.577836
0.620053
0.62533
0.638522
0.649077
0.638522
0.580475
0.577836
0.598945
0.635884
0.656992
0.588391
0.577836
0.585752
0.577836
0.546174
0.540897
0.538259
0.53562
0.538259
0.503958
0.506596
0.511873
0.485488
0.48285
0.48285
0.472296
0.461741
0.461741
0.46438
0.461741
0.451187
0.456464
0.46438
0.469657
0.456464
0.451187
0.422164
0.385224
0.382586
0.377309
0.385224
0.390501
0.401055
0.385224
0.382586
0.385224
0.387863
0.395778
0.403694
0.408971
0.406332
0.408971
0.398417
0.395778
0.398417
0.403694
0.414248
0.427441
0.453826
0.453826
0.451187
0.443272
0.430079
0.430079
0.427441
0.424802
0.424802
0.427441
0.432718
0.430079
0.430079
0.430079
0.430079
0.427441
0.416887
0.398417
0.39314
0.401055
0.424802
0.456464
0.511873
0.488127
0.511873
0.53562
0.543536
0.564644
0.575198
0.569921
0.53562
0.467018
0.46438
0.456464
0.44591
0.435356
0.419525
0.432718
0.411609
0.411609
0.398417
0.406332
0.398417
0.398417
0.398417
0.451187
0.472296
0.538259
0.575198
0.588391
0.638522
0.675462
0.680739
0.675462
0.641161
0.585752
0.543536
0.509235
0.474934
0.459103
0.448549
0.451187
0.453826
0.461741
0.469657
0.477573
0.480211
0.480211
0.490765
0.519789
0.577836
0.651715
0.720317
0.757256
0.778364
0.841689
0.841689
0.825858
0.78628
0.754617
0.627968
0.609499
0.580475
0.577836
0.593668
0.604222
0.591029
0.559367
0.551451
0.51715
0.527704
0.53562
0.596306
0.691293
0.781003
0.817942
0.85752
0.889182
0.912929
0.92876
0.912929
0.902375
0.849604
0.794195
0.733509
0.707124
0.654354
0.667546
0.617414
0.588391
0.622691
0.569921
0.527704
0.530343
0.511873
0.527704
0.614776
0.680739
0.759894
0.823219
0.878628
0.886544
0.907652
0.905013
0.91029
0.891821
0.860158
0.783641
0.722955
0.688654
0.691293
0.62533
0.659631
0.646438
0.614776
0.588391
0.656992
0.617414
0.601583
0.514512
0.514512
0.530343
0.591029
0.646438
0.686016
0.725594
0.754617
0.781003
0.757256
0.60686
0.569921
0.527704
0.496042
0.498681
0.506596
0.501319
0.501319
0.490765
0.48285
0.493404
0.498681
0.509235
0.511873
0.498681
0.506596
0.519789
0.522427
0.511873
0.548813
0.532982
0.556728
0.577836
0.585752
0.583113
0.569921
0.53562
0.514512
0.501319
0.485488
0.490765
0.48285
0.488127
0.490765
0.493404
0.48285
0.459103
0.461741
0.459103
0.480211
0.509235
0.564644
0.601583
0.675462
0.717678
0.746702
0.751979
0.765172
0.76781
0.725594
0.662269
0.630607
0.612137
0.591029
0.577836
0.548813
0.538259
0.522427
0.498681
0.496042
0.48285
0.474934
0.472296
0.530343
0.60686
0.662269
0.717678
0.759894
0.807388
0.828496
0.804749
0.817942
0.796834
0.759894
0.709763
0.656992
0.630607
0.635884
0.588391
0.585752
0.572559
0.543536
0.551451
0.546174
0.525066
0.511873
0.501319
0.540897
0.596306
0.649077
0.725594
0.765172
0.802111
0.815303
0.833773
0.812665
0.849604
0.804749
0.712401
0.6781
0.664908
0.620053
0.609499
0.60686
0.591029
0.583113
0.575198
0.53562
0.551451
0.55409
0.546174
0.585752
0.577836
0.622691
0.572559
0.503958
0.572559
0.614776
0.638522
0.641161
0.627968
0.593668
0.575198
0.569921
0.551451
0.546174
0.53562
0.519789
0.503958
0.511873
0.511873
0.496042
0.493404
0.493404
0.490765
0.498681
0.51715
0.525066
0.551451
0.604222
0.630607
0.609499
0.62533
0.62533
0.564644
0.543536
0.503958
0.485488
0.477573
0.469657
0.459103
0.461741
0.453826
0.453826
0.456464
0.461741
0.453826
0.448549
0.435356
0.435356
0.44591
0.44591
0.459103
0.480211
0.514512
0.527704
0.53562
0.522427
0.511873
0.496042
0.480211
0.46438
0.46438
0.459103
0.46438
0.46438
0.448549
0.453826
0.469657
0.469657
0.474934
0.474934
0.493404
0.503958
0.525066
0.569921
0.591029
0.622691
0.651715
0.643799
0.662269
0.69657
0.688654
0.664908
0.593668
0.583113
0.569921
0.51715
0.509235
0.488127
0.480211
0.469657
0.472296
0.496042
0.480211
0.477573
0.496042
0.569921
0.622691
0.688654
0.720317
0.778364
0.781003
0.804749
0.791557
0.369393
0.448549
0.430079
0.422164
0.422164
0.430079
0.424802
0.422164
0.395778
0.401055
0.408971
0.414248
0.416887
0.411609
0.406332
0.398417
0.424802
0.451187
0.448549
0.469657
0.488127
0.509235
0.525066
0.51715
0.522427
0.522427
0.474934
0.440633
0.427441
0.416887
0.387863
0.372032
0.353562
0.343008
0.356201
0.30343
0.313984
0.287599
0.269129
0.282322
0.356201
0.430079
0.485488
0.53562
0.562005
0.583113
0.614776
0.614776
0.630607
0.612137
0.585752
0.538259
0.532982
0.469657
0.430079
0.443272
0.419525
0.422164
0.387863
0.403694
0.387863
0.387863
0.366755
0.408971
0.453826
0.562005
0.620053
0.659631
0.69657
0.733509
0.728232
0.751979
0.746702
0.712401
0.686016
0.591029
0.519789
0.51715
0.440633
0.459103
0.467018
0.467018
0.490765
0.467018
0.430079
0.453826
0.453826
0.46438
0.527704
0.614776
0.672823
0.741425
0.783641
0.804749
0.817942
0.825858
0.817942
0.799472
0.757256
0.688654
0.649077
0.638522
0.651715
0.612137
0.598945
0.567282
0.593668
0.622691
0.622691
0.641161
0.643799
0.598945
0.588391
0.593668
0.583113
0.575198
0.593668
0.588391
0.567282
0.564644
0.564644
0.564644
0.55409
0.548813
0.548813
0.538259
0.53562
0.543536
0.546174
0.543536
0.527704
0.506596
0.496042
0.488127
0.472296
0.451187
0.488127
0.527704
0.577836
0.622691
0.633245
0.670185
0.675462
0.707124
0.656992
0.620053
0.596306
0.562005
0.538259
0.525066
0.514512
0.503958
0.496042
0.493404
0.493404
0.485488
0.488127
0.469657
0.459103
0.472296
0.532982
0.588391
0.643799
0.699208
0.733509
0.738786
0.765172
0.804749
0.773087
0.778364
0.754617
0.683377
0.6781
0.638522
0.609499
0.55409
0.543536
0.538259
0.53562
0.51715
0.527704
0.519789
0.527704
0.546174
0.569921
0.591029
0.60686
0.654354
0.641161
0.622691
0.604222
0.62533
0.614776
0.643799
0.638522
0.604222
0.575198
0.598945
0.591029
0.585752
0.585752
0.572559
0.548813
0.538259
0.527704
0.525066
0.538259
0.556728
0.575198
0.617414
0.646438
0.649077
0.643799
0.664908
0.630607
0.588391
0.609499
0.60686
0.591029
0.588391
0.588391
0.585752
0.572559
0.572559
0.572559
0.559367
0.559367
0.55409
0.546174
0.55409
0.55409
0.551451
0.519789
0.525066
0.543536
0.617414
0.672823
0.633245
0.630607
0.693931
0.725594
0.691293
0.670185
0.612137
0.585752
0.575198
0.551451
0.538259
0.519789
0.506596
0.514512
0.509235
0.522427
0.506596
0.514512
0.546174
0.598945
0.601583
0.546174
0.548813
0.572559
0.60686
0.659631
0.722955
0.720317
0.738786
0.744063
0.609499
0.585752
0.572559
0.585752
0.591029
0.596306
0.575198
0.588391
0.596306
0.596306
0.588391
0.588391
0.591029
0.583113
0.564644
0.572559
0.572559
0.540897
0.543536
0.532982
0.51715
0.501319
0.496042
0.48285
0.469657
0.467018
0.46438
0.461741
0.453826
0.448549
0.435356
0.424802
0.408971
0.408971
0.401055
0.390501
0.390501
0.39314
0.416887
0.427441
0.472296
0.501319
0.532982
0.55409
0.577836
0.596306
0.548813
0.506596
0.469657
0.414248
0.390501
0.382586
0.387863
0.372032
0.37467
0.356201
0.332454
0.345646
0.340369
0.337731
0.372032
0.422164
0.469657
0.53562
0.577836
0.604222
0.646438
0.672823
0.71504
0.720317
0.712401
0.699208
0.620053
0.569921
0.538259
0.511873
0.488127
0.469657
0.448549
0.430079
0.408971
0.411609
0.401055
0.401055
0.432718
0.496042
0.577836
0.654354
0.725594
0.783641
0.791557
0.807388
0.854881
0.868074
0.860158
0.833773
0.762533
0.691293
0.662269
0.651715
0.620053
0.612137
0.601583
0.585752
0.559367
0.538259
0.525066
0.514512
0.525066
0.572559
0.646438
0.688654
0.773087
0.783641
0.85752
0.868074
0.870712
0.865435
0.831135
0.815303
0.74934
0.709763
0.712401
0.667546
0.683377
0.617414
0.654354
0.638522
0.614776
0.596306
0.575198
0.580475
0.585752
0.630607
0.712401
0.741425
0.664908
0.646438
0.675462
0.770449
0.846966
0.894459
0.881266
0.862797
0.831135
0.730871
0.659631
0.627968
0.620053
0.627968
0.651715
0.675462
0.712401
0.48285
0.477573
0.477573
0.477573
0.485488
0.485488
0.509235
0.530343
0.548813
0.596306
0.643799
0.649077
0.675462
0.683377
0.651715
0.569921
0.527704
0.506596
0.490765
0.474934
0.474934
0.474934
0.467018
0.459103
0.453826
0.456464
0.44591
0.461741
0.506596
0.551451
0.609499
0.662269
0.720317
0.765172
0.775726
0.794195
0.804749
0.812665
0.788918
0.720317
0.654354
0.604222
0.620053
0.635884
0.641161
0.62533
0.596306
0.585752
0.577836
0.569921
0.551451
0.543536
0.538259
0.530343
0.53562
0.530343
0.525066
0.522427
0.538259
0.548813
0.551451
0.55409
0.562005
0.543536
0.53562
0.506596
0.509235
0.522427
0.525066
0.506596
0.485488
0.437995
0.422164
0.408971
0.366755
0.358839
0.356201
0.37467
0.427441
0.467018
0.506596
0.530343
0.551451
0.556728
0.564644
0.562005
0.509235
0.435356
0.350923
0.332454
0.340369
0.329815
0.316623
0.316623
0.313984
0.292876
0.298153
0.25066
0.23219
0.290237
0.369393
0.424802
0.467018
0.506596
0.551451
0.593668
0.622691
0.656992
0.659631
0.664908
0.646438
0.551451
0.506596
0.501319
0.448549
0.422164
0.403694
0.390501
0.379947
0.327177
0.356201
0.348285
0.343008
0.387863
0.46438
0.569921
0.6781
0.736148
0.762533
0.791557
0.817942
0.828496
0.83905
0.833773
0.828496
0.773087
0.736148
0.635884
0.614776
0.575198
0.556728
0.572559
0.559367
0.532982
0.511873
0.506596
0.501319
0.496042
0.509235
0.511873
0.530343
0.540897
0.556728
0.556728
0.585752
0.604222
0.596306
0.596306
0.593668
0.577836
0.540897
0.522427
0.525066
0.530343
0.501319
0.498681
0.472296
0.451187
0.46438
0.437995
0.44591
0.453826
0.477573
0.543536
0.604222
0.643799
0.688654
0.720317
0.728232
0.746702
0.738786
0.709763
0.675462
0.649077
0.583113
0.569921
0.564644
0.556728
0.540897
0.540897
0.538259
0.501319
0.496042
0.490765
0.493404
0.496042
0.514512
0.583113
0.654354
0.683377
0.707124
0.693931
0.654354
0.654354
0.69657
0.693931
0.598945
0.583113
0.530343
0.51715
0.459103
0.461741
0.451187
0.440633
0.422164
0.437995
0.440633
0.437995
0.437995
0.437995
0.448549
0.467018
0.506596
0.564644
0.601583
0.60686
0.620053
0.641161
0.646438
0.667546
0.617414
0.596306
0.522427
0.514512
0.51715
0.496042
0.477573
0.467018
0.443272
0.435356
0.437995
0.437995
0.437995
0.472296
0.530343
0.601583
0.670185
0.717678
0.757256
0.799472
0.825858
0.794195
0.741425
0.680739
0.585752
0.598945
0.572559
0.564644
0.525066
0.532982
0.511873
0.501319
0.490765
0.48285
0.461741
0.46438
0.474934
0.493404
0.564644
0.633245
0.675462
0.69657
0.720317
0.71504
0.717678
0.704485
0.757256
0.744063
0.728232
0.670185
0.609499
0.585752
0.538259
0.53562
0.53562
0.509235
0.506596
0.498681
0.485488
0.469657
0.453826
0.469657
0.519789
0.551451
0.598945
0.656992
0.699208
0.707124
0.717678
0.725594
0.717678
0.693931
0.656992
0.572559
0.501319
0.498681
0.480211
0.453826
0.411609
0.411609
0.39314
0.39314
0.361478
0.366755
0.345646
0.403694
0.485488
0.575198
0.627968
0.693931
0.71504
0.757256
0.775726
0.802111
0.796834
0.796834
0.759894
0.691293
0.627968
0.593668
0.559367
0.532982
0.511873
0.474934
0.456464
0.467018
0.480211
0.46438
0.443272
0.511873
0.596306
0.659631
0.701847
0.754617
0.799472
0.875989
0.883905
0.875989
0.875989
0.844327
0.823219
0.754617
0.6781
0.649077
0.596306
0.680739
0.670185
0.569921
0.490765
0.467018
0.472296
0.480211
0.488127
0.498681
0.506596
0.506596
0.525066
0.53562
0.519789
0.562005
0.559367
0.546174
0.556728
0.601583
0.609499
0.567282
0.562005
0.51715
0.509235
0.503958
0.506596
0.514512
0.506596
0.503958
0.493404
0.498681
0.493404
0.496042
0.498681
0.511873
0.532982
0.585752
0.591029
0.633245
0.638522
0.585752
0.643799
0.662269
0.622691
0.567282
0.527704
0.527704
0.506596
0.461741
0.46438
0.461741
0.451187
0.430079
0.406332
0.390501
0.364116
0.422164
0.480211
0.53562
0.562005
0.601583
0.638522
0.662269
0.672823
0.688654
0.701847
0.688654
0.670185
0.609499
0.562005
0.525066
0.496042
0.469657
0.461741
0.424802
0.424802
0.419525
0.414248
0.398417
0.377309
0.440633
0.493404
0.540897
0.596306
0.662269
0.701847
0.741425
0.746702
0.783641
0.762533
0.74934
0.722955
0.664908
0.609499
0.575198
0.548813
0.527704
0.509235
0.480211
0.472296
0.461741
0.456464
0.448549
0.432718
0.485488
0.562005
0.656992
0.717678
0.765172
0.804749
0.794195
0.870712
0.868074
0.862797
0.85752
0.817942
0.796834
0.622691
0.62533
0.596306
0.585752
0.575198
0.575198
0.562005
0.569921
0.564644
0.543536
0.527704
0.572559
0.633245
0.649077
0.659631
0.699208
0.738786
0.720317
0.567282
0.686016
0.728232
0.738786
0.74934
0.646438
0.601583
0.60686
0.585752
0.585752
0.569921
0.551451
0.53562
0.53562
0.51715
0.543536
0.522427
0.564644
0.609499
0.651715
0.699208
0.762533
0.794195
0.71504
0.807388
0.6781
0.730871
0.656992
0.662269
0.641161
0.617414
0.591029
0.580475
0.580475
0.562005
0.575198
0.559367
0.559367
0.55409
0.548813
0.493404
0.480211
0.485488
0.488127
0.509235
0.538259
0.548813
0.575198
0.612137
0.664908
0.675462
0.675462
0.659631
0.604222
0.543536
0.543536
0.527704
0.498681
0.493404
0.459103
0.443272
0.451187
0.448549
0.427441
0.406332
0.46438
0.501319
0.604222
0.680739
0.728232
0.765172
0.738786
0.783641
0.781003
0.781003
0.781003
0.754617
0.688654
0.60686
0.551451
0.509235
0.493404
0.48285
0.477573
0.44591
0.382586
0.366755
0.37467
0.353562
0.406332
0.477573
0.556728
0.583113
0.627968
0.680739
0.722955
0.741425
0.773087
0.765172
0.773087
0.736148
0.664908
0.569921
0.525066
0.488127
0.509235
0.514512
0.480211
0.44591
0.411609
0.401055
0.398417
0.414248
0.532982
0.55409
0.654354
0.693931
0.733509
0.759894
0.799472
0.812665
0.831135
0.833773
0.828496
0.812665
0.728232
0.672823
0.654354
0.614776
0.580475
0.55409
0.51715
0.514512
0.48285
0.456464
0.459103
0.461741
0.525066
0.60686
0.71504
0.796834
0.83905
0.860158
0.889182
0.915567
0.915567
0.92876
0.912929
0.886544
0.810026
0.741425
0.675462
0.675462
0.651715
0.649077
0.630607
0.617414
0.55409
0.556728
0.511873
0.493404
0.604222
0.707124
0.765172
0.841689
0.862797
0.891821
0.915567
0.936675
0.944591
0.936675
0.923483
0.907652
0.852243
0.783641
0.74934
0.728232
0.717678
0.693931
0.667546
0.662269
0.635884
0.617414
0.62533
0.627968
0.672823
0.738786
0.773087
0.817942
0.85752
0.83905
0.675462
0.525066
0.530343
0.540897
0.514512
0.477573
0.474934
0.477573
0.474934
0.477573
0.472296
0.453826
0.430079
0.422164
0.432718
0.440633
0.443272
0.451187
0.467018
0.480211
0.511873
0.546174
0.601583
0.609499
0.627968
0.635884
0.672823
0.69657
0.693931
0.683377
0.659631
0.617414
0.601583
0.55409
0.559367
0.564644
0.546174
0.540897
0.53562
0.53562
0.53562
0.53562
0.551451
0.569921
0.580475
0.622691
0.651715
0.686016
0.717678
0.712401
0.704485
0.704485
0.69657
0.675462
0.627968
0.522427
0.506596
0.46438
0.403694
0.379947
0.369393
0.348285
0.345646
0.327177
0.308707
0.311346
0.356201
0.46438
0.506596
0.546174
0.572559
0.620053
0.656992
0.683377
0.699208
0.707124
0.728232
0.707124
0.670185
0.562005
0.540897
0.525066
0.506596
0.443272
0.44591
0.456464
0.456464
0.435356
0.44591
0.435356
0.469657
0.567282
0.649077
0.701847
0.741425
0.783641
0.810026
0.831135
0.836412
0.844327
0.844327
0.817942
0.759894
0.6781
0.641161
0.593668
0.577836
0.551451
0.532982
0.55409
0.53562
0.490765
0.496042
0.485488
0.562005
0.612137
0.6781
0.707124
0.76781
0.76781
0.744063
0.744063
0.712401
0.688654
0.662269
0.643799
0.583113
0.546174
0.527704
0.506596
0.490765
0.490765
0.453826
0.44591
0.408971
0.401055
0.39314
0.385224
0.39314
0.448549
0.485488
0.514512
0.551451
0.580475
0.630607
0.654354
0.670185
0.672823
0.656992
0.649077
0.598945
0.522427
0.511873
0.485488
0.472296
0.408971
0.379947
0.358839
0.353562
0.364116
0.353562
0.369393
0.430079
0.511873
0.601583
0.651715
0.704485
0.712401
0.754617
0.796834
0.799472
0.815303
0.812665
0.807388
0.783641
0.733509
0.664908
0.633245
0.546174
0.577836
0.522427
0.485488
0.501319
0.490765
0.472296
0.467018
0.548813
0.627968
0.730871
0.775726
0.817942
0.852243
0.860158
0.897098
0.905013
0.91029
0.912929
0.907652
0.854881
0.788918
0.707124
0.672823
0.638522
0.591029
0.55409
0.522427
0.490765
0.472296
0.46438
0.467018
0.511873
0.522427
0.506596
0.477573
0.448549
0.435356
0.440633
0.440633
0.427441
0.451187
0.459103
0.477573
0.480211
0.46438
0.456464
0.461741
0.461741
0.459103
0.456464
0.453826
0.453826
0.440633
0.443272
0.443272
0.451187
0.459103
0.474934
0.48285
0.488127
0.519789
0.548813
0.588391
0.609499
0.609499
0.638522
0.654354
0.635884
0.585752
0.548813
0.511873
0.469657
0.493404
0.496042
0.474934
0.461741
0.453826
0.451187
0.401055
0.474934
0.577836
0.622691
0.662269
0.672823
0.730871
0.728232
0.759894
0.778364
0.799472
0.791557
0.781003
0.717678
0.649077
0.633245
0.612137
0.564644
0.527704
0.490765
0.498681
0.480211
0.490765
0.485488
0.485488
0.527704
0.585752
0.635884
0.69657
0.754617
0.807388
0.823219
0.846966
0.852243
0.844327
0.844327
0.799472
0.744063
0.683377
0.641161
0.612137
0.572559
0.548813
0.530343
0.51715
0.506596
0.493404
0.485488
0.485488
0.522427
0.577836
0.649077
0.701847
0.765172
0.817942
0.85752
0.873351
0.886544
0.899736
0.875989
0.828496
0.730871
0.675462
0.646438
0.604222
0.575198
0.55409
0.538259
0.522427
0.51715
0.506596
0.496042
0.496042
0.519789
0.575198
0.659631
0.704485
0.759894
0.804749
0.841689
0.883905
0.878628
0.85752
0.849604
0.736148
0.699208
0.686016
0.62533
0.601583
0.591029
0.564644
0.538259
0.538259
0.519789
0.506596
0.496042
0.498681
0.540897
0.60686
0.656992
0.720317
0.76781
0.775726
0.833773
0.854881
0.841689
0.831135
0.849604
0.815303
0.799472
0.751979
0.712401
0.667546
0.62533
0.60686
0.588391
0.569921
0.551451
0.540897
0.543536
0.546174
0.583113
0.643799
0.704485
0.770449
0.799472
0.833773
0.815303
0.881266
0.746702
0.775726
0.651715
0.693931
0.69657
0.69657
0.60686
0.62533
0.614776
0.614776
0.627968
0.612137
0.580475
0.577836
0.577836
0.575198
0.588391
0.609499
0.662269
0.701847
0.751979
0.810026
0.846966
0.865435
0.883905
0.844327
0.609499
0.593668
0.614776
0.598945
0.604222
0.601583
0.601583
0.593668
0.585752
0.583113
0.575198
0.585752
0.575198
0.569921
0.627968
0.614776
0.643799
0.649077
0.725594
0.725594
0.738786
0.765172
0.736148
0.725594
0.717678
0.683377
0.633245
0.604222
0.596306
0.569921
0.564644
0.556728
0.551451
0.556728
0.543536
0.527704
0.509235
0.511873
0.55409
0.593668
0.643799
0.693931
0.722955
0.757256
0.76781
0.783641
0.794195
0.799472
0.773087
0.725594
0.672823
0.630607
0.60686
0.593668
0.585752
0.577836
0.559367
0.559367
0.55409
0.55409
0.548813
0.548813
0.575198
0.630607
0.672823
0.770449
0.796834
0.846966
0.881266
0.894459
0.923483
0.889182
0.783641
0.802111
0.738786
0.69657
0.693931
0.6781
0.662269
0.656992
0.641161
0.627968
0.617414
0.612137
0.591029
0.591029
0.630607
0.680739
0.693931
0.712401
0.781003
0.828496
0.812665
0.860158
0.883905
0.868074
0.85752
0.849604
0.796834
0.704485
0.691293
0.643799
0.62533
0.620053
0.622691
0.609499
0.548813
0.564644
0.548813
0.540897
0.585752
0.670185
0.701847
0.759894
0.791557
0.817942
0.828496
0.862797
0.878628
0.873351
0.854881
0.823219
0.802111
0.744063
0.709763
0.675462
0.638522
0.604222
0.583113
0.551451
0.538259
0.522427
0.51715
0.514512
0.546174
0.646438
0.704485
0.746702
0.810026
0.844327
0.865435
0.891821
0.91029
0.891821
0.875989
0.854881
0.781003
0.717678
0.688654
0.641161
0.638522
0.633245
0.596306
0.620053
0.649077
0.609499
0.583113
0.546174
0.617414
0.686016
0.759894
0.804749
0.846966
0.868074
0.897098
0.918206
0.920844
0.91029
0.902375
0.85752
0.802111
0.704485
0.656992
0.60686
0.559367
0.556728
0.569921
0.551451
0.559367
0.522427
0.493404
0.51715
0.530343
0.60686
0.670185
0.701847
0.707124
0.730871
0.733509
0.773087
0.783641
0.794195
0.778364
0.74934
0.699208
0.62533
0.604222
0.577836
0.548813
0.519789
0.490765
0.461741
0.443272
0.430079
0.422164
0.419525
0.448549
0.511873
0.577836
0.651715
0.709763
0.778364
0.823219
0.85752
0.883905
0.875989
0.91029
0.889182
0.860158
0.783641
0.762533
0.6781
0.680739
0.572559
0.588391
0.596306
0.585752
0.562005
0.532982
0.538259
0.583113
0.664908
0.733509
0.796834
0.849604
0.905013
0.934037
0.915567
0.934037
0.944591
0.918206
0.934037
0.897098
0.854881
0.799472
0.794195
0.728232
0.69657
0.688654
0.691293
0.707124
0.686016
0.630607
0.659631
0.635884
0.699208
0.778364
0.802111
0.83905
0.862797
0.902375
0.891821
0.754617
0.722955
0.62533
0.598945
0.612137
0.580475
0.559367
0.53562
0.559367
0.530343
0.522427
0.53562
0.522427
0.51715
0.509235
0.522427
0.55409
0.596306
0.699208
0.744063
0.799472
0.852243
0.891821
0.91029
0.934037
0.918206
0.912929
0.905013
0.889182
0.783641
0.717678
0.701847
0.683377
0.656992
0.638522
0.633245
0.60686
0.593668
0.588391
0.588391
0.649077
0.707124
0.781003
0.860158
0.91029
0.926121
0.952507
0.963061
0.992084
1.0
0.992084
0.978892
0.934037
0.841689
0.791557
0.778364
0.778364
0.738786
0.717678
0.69657
0.701847
0.667546
0.701847
0.69657
0.733509
0.810026
0.836412
0.865435
0.905013
0.664908
0.562005
0.577836
0.577836
0.659631
0.691293
0.712401
0.691293
0.638522
0.62533
0.609499
0.601583
0.598945
0.575198
0.55409
0.525066
0.519789
0.514512
0.511873
0.519789
0.548813
0.585752
0.612137
0.656992
0.651715
0.701847
0.722955
0.781003
0.754617
0.746702
0.680739
0.62533
0.559367
0.532982
0.525066
0.514512
0.506596
0.509235
0.506596
0.493404
0.474934
0.46438
0.46438
0.514512
0.577836
0.643799
0.728232
0.783641
0.854881
0.878628
0.865435
0.923483
0.918206
0.902375
0.891821
0.762533
0.612137
0.688654
0.670185
0.659631
0.646438
0.630607
0.627968
0.627968
0.617414
0.604222
0.612137
0.622691
0.635884
0.667546
0.709763
0.71504
0.635884
0.588391
0.583113
0.593668
0.612137
0.620053
0.62533
0.612137
0.596306
0.577836
0.572559
0.577836
0.577836
0.569921
0.55409
0.569921
0.559367
0.562005
0.559367
0.601583
0.62533
0.688654
0.71504
0.754617
0.802111
0.815303
0.83905
0.810026
0.849604
0.85752
0.83905
0.812665
0.754617
0.738786
0.717678
0.686016
0.656992
0.633245
0.630607
0.62533
0.620053
0.612137
0.60686
0.659631
0.722955
0.746702
0.778364
0.783641
0.825858
0.846966
0.85752
0.878628
0.862797
0.878628
0.846966
0.828496
0.78628
0.751979
0.741425
0.71504
0.69657
0.701847
0.701847
0.686016
0.683377
0.672823
0.672823
0.672823
0.6781
0.691293
0.720317
0.757256
0.76781
0.796834
0.6781
0.707124
0.707124
0.683377
0.662269
0.601583
0.593668
0.598945
0.604222
0.598945
0.588391
0.591029
0.598945
0.585752
0.585752
0.567282
0.564644
0.564644
0.556728
0.585752
0.596306
0.646438
0.630607
0.656992
0.662269
0.701847
0.680739
0.709763
0.69657
0.659631
0.609499
0.591029
0.556728
0.530343
0.506596
0.493404
0.477573
0.46438
0.461741
0.451187
0.437995
0.474934
0.522427
0.562005
0.614776
0.641161
0.670185
0.707124
0.730871
0.746702
0.762533
0.757256
0.746702
0.707124
0.646438
0.614776
0.580475
0.556728
0.53562
0.53562
0.525066
0.51715
0.519789
0.503958
0.506596
0.548813
0.593668
0.667546
0.712401
0.746702
0.810026
0.815303
0.82058
0.846966
0.849604
0.862797
0.575198
0.609499
0.60686
0.617414
0.598945
0.604222
0.601583
0.591029
0.583113
0.572559
0.577836
0.569921
0.575198
0.591029
0.635884
0.707124
0.730871
0.773087
0.810026
0.807388
0.812665
0.83905
0.852243
0.878628
0.804749
0.788918
0.74934
0.69657
0.672823
0.646438
0.651715
0.654354
0.643799
0.617414
0.622691
0.609499
0.591029
0.62533
0.688654
0.722955
0.775726
0.802111
0.825858
0.868074
0.852243
0.868074
0.841689
0.83905
0.807388
0.770449
0.736148
0.712401
0.693931
0.686016
0.6781
0.659631
0.654354
0.617414
0.614776
0.620053
0.598945
0.609499
0.630607
0.662269
0.704485
0.693931
0.741425
0.751979
0.74934
0.78628
0.759894
0.788918
0.759894
0.691293
0.688654
0.670185
0.656992
0.604222
0.588391
0.569921
0.572559
0.559367
0.556728
0.562005
0.562005
0.598945
0.643799
0.680739
0.707124
0.773087
0.794195
0.759894
0.802111
0.804749
0.83905
0.812665
0.804749
0.738786
0.69657
0.683377
0.646438
0.646438
0.641161
0.614776
0.601583
0.591029
0.567282
0.562005
0.567282
0.593668
0.654354
0.707124
0.728232
0.744063
0.796834
0.807388
0.846966
0.849604
0.852243
0.860158
0.860158
0.83905
0.765172
0.733509
0.699208
0.667546
0.633245
0.649077
